Iteration,phi,lnL
     1,           0.9800010,       -1346.7020000,
     2,           0.9800020,       -1346.6660000,
     3,           0.9800030,       -1346.6292000,
     4,           0.9800040,       -1346.5944000,
     5,           0.9800050,       -1346.5572000,
     6,           0.9800060,       -1346.5234000,
     7,           0.9800070,       -1346.4882000,
     8,           0.9800080,       -1346.4523000,
     9,           0.9800090,       -1346.4160000,
    10,           0.9800100,       -1346.3830000,
    11,           0.9800110,       -1346.3454000,
    12,           0.9800120,       -1346.3110000,
    13,           0.9800130,       -1346.2750000,
    14,           0.9800140,       -1346.2391000,
    15,           0.9800150,       -1346.2050000,
    16,           0.9800160,       -1346.1683000,
    17,           0.9800170,       -1346.1330000,
    18,           0.9800180,       -1346.0970000,
    19,           0.9800190,       -1346.0633000,
    20,           0.9800200,       -1346.0280000,
    21,           0.9800210,       -1345.9910000,
    22,           0.9800220,       -1345.9552000,
    23,           0.9800230,       -1345.9200000,
    24,           0.9800240,       -1345.8860000,
    25,           0.9800250,       -1345.8494000,
    26,           0.9800260,       -1345.8133000,
    27,           0.9800270,       -1345.7773000,
    28,           0.9800280,       -1345.7440000,
    29,           0.9800290,       -1345.7083000,
    30,           0.9800300,       -1345.6720000,
    31,           0.9800310,       -1345.6360000,
    32,           0.9800320,       -1345.6010000,
    33,           0.9800330,       -1345.5660000,
    34,           0.9800340,       -1345.5310000,
    35,           0.9800350,       -1345.4953000,
    36,           0.9800360,       -1345.4582000,
    37,           0.9800370,       -1345.4251000,
    38,           0.9800380,       -1345.3890000,
    39,           0.9800390,       -1345.3530000,
    40,           0.9800400,       -1345.3172000,
    41,           0.9800410,       -1345.2813000,
    42,           0.9800420,       -1345.2471000,
    43,           0.9800430,       -1345.2120000,
    44,           0.9800440,       -1345.1760000,
    45,           0.9800450,       -1345.1394000,
    46,           0.9800460,       -1345.1060000,
    47,           0.9800470,       -1345.0710000,
    48,           0.9800480,       -1345.0344000,
    49,           0.9800490,       -1344.9984000,
    50,           0.9800500,       -1344.9632000,
    51,           0.9800510,       -1344.9280000,
    52,           0.9800520,       -1344.8930000,
    53,           0.9800530,       -1344.8570000,
    54,           0.9800540,       -1344.8200000,
    55,           0.9800550,       -1344.7873000,
    56,           0.9800560,       -1344.7514000,
    57,           0.9800570,       -1344.7150000,
    58,           0.9800580,       -1344.6790000,
    59,           0.9800590,       -1344.6440000,
    60,           0.9800600,       -1344.6100000,
    61,           0.9800610,       -1344.5733000,
    62,           0.9800620,       -1344.5384000,
    63,           0.9800630,       -1344.5014000,
    64,           0.9800640,       -1344.4674000,
    65,           0.9800650,       -1344.4320000,
    66,           0.9800660,       -1344.3950000,
    67,           0.9800670,       -1344.3600000,
    68,           0.9800680,       -1344.3242000,
    69,           0.9800690,       -1344.2894000,
    70,           0.9800700,       -1344.2540000,
    71,           0.9800710,       -1344.2180000,
    72,           0.9800720,       -1344.1820000,
    73,           0.9800730,       -1344.1481000,
    74,           0.9800740,       -1344.1123000,
    75,           0.9800750,       -1344.0760000,
    76,           0.9800760,       -1344.0401000,
    77,           0.9800770,       -1344.0053000,
    78,           0.9800780,       -1343.9700000,
    79,           0.9800790,       -1343.9344000,
    80,           0.9800800,       -1343.9000000,
    81,           0.9800810,       -1343.8621000,
    82,           0.9800820,       -1343.8293000,
    83,           0.9800830,       -1343.7934000,
    84,           0.9800840,       -1343.7572000,
    85,           0.9800850,       -1343.7220000,
    86,           0.9800860,       -1343.6860000,
    87,           0.9800870,       -1343.6514000,
    88,           0.9800880,       -1343.6153000,
    89,           0.9800890,       -1343.5810000,
    90,           0.9800900,       -1343.5440000,
    91,           0.9800910,       -1343.5100000,
    92,           0.9800920,       -1343.4750000,
    93,           0.9800930,       -1343.4380000,
    94,           0.9800940,       -1343.4030000,
    95,           0.9800950,       -1343.3671000,
    96,           0.9800960,       -1343.3323000,
    97,           0.9800970,       -1343.2973000,
    98,           0.9800980,       -1343.2614000,
    99,           0.9800990,       -1343.2244000,
   100,           0.9801000,       -1343.1920000,
   101,           0.9801010,       -1343.1560000,
   102,           0.9801020,       -1343.1200000,
   103,           0.9801030,       -1343.0834000,
   104,           0.9801040,       -1343.0490000,
   105,           0.9801050,       -1343.0140000,
   106,           0.9801060,       -1342.9780000,
   107,           0.9801070,       -1342.9422000,
   108,           0.9801080,       -1342.9060000,
   109,           0.9801090,       -1342.8723000,
   110,           0.9801100,       -1342.8370000,
   111,           0.9801110,       -1342.8000000,
   112,           0.9801120,       -1342.7650000,
   113,           0.9801130,       -1342.7290000,
   114,           0.9801140,       -1342.6942000,
   115,           0.9801150,       -1342.6580000,
   116,           0.9801160,       -1342.6231000,
   117,           0.9801170,       -1342.5870000,
   118,           0.9801180,       -1342.5532000,
   119,           0.9801190,       -1342.5173000,
   120,           0.9801200,       -1342.4804000,
   121,           0.9801210,       -1342.4450000,
   122,           0.9801220,       -1342.4100000,
   123,           0.9801230,       -1342.3750000,
   124,           0.9801240,       -1342.3400000,
   125,           0.9801250,       -1342.3040000,
   126,           0.9801260,       -1342.2680000,
   127,           0.9801270,       -1342.2340000,
   128,           0.9801280,       -1342.1990000,
   129,           0.9801290,       -1342.1622000,
   130,           0.9801300,       -1342.1260000,
   131,           0.9801310,       -1342.0940000,
   132,           0.9801320,       -1342.0561000,
   133,           0.9801330,       -1342.0210000,
   134,           0.9801340,       -1341.9843000,
   135,           0.9801350,       -1341.9483000,
   136,           0.9801360,       -1341.9152000,
   137,           0.9801370,       -1341.8800000,
   138,           0.9801380,       -1341.8430000,
   139,           0.9801390,       -1341.8074000,
   140,           0.9801400,       -1341.7740000,
   141,           0.9801410,       -1341.7380000,
   142,           0.9801420,       -1341.7020000,
   143,           0.9801430,       -1341.6672000,
   144,           0.9801440,       -1341.6300000,
   145,           0.9801450,       -1341.5964000,
   146,           0.9801460,       -1341.5610000,
   147,           0.9801470,       -1341.5240000,
   148,           0.9801480,       -1341.4890000,
   149,           0.9801490,       -1341.4560000,
   150,           0.9801500,       -1341.4190000,
   151,           0.9801510,       -1341.3830000,
   152,           0.9801520,       -1341.3480000,
   153,           0.9801530,       -1341.3112000,
   154,           0.9801540,       -1341.2770000,
   155,           0.9801550,       -1341.2430000,
   156,           0.9801560,       -1341.2050000,
   157,           0.9801570,       -1341.1700000,
   158,           0.9801580,       -1341.1360000,
   159,           0.9801590,       -1341.1000000,
   160,           0.9801600,       -1341.0643000,
   161,           0.9801610,       -1341.0290000,
   162,           0.9801620,       -1340.9914000,
   163,           0.9801630,       -1340.9580000,
   164,           0.9801640,       -1340.9230000,
   165,           0.9801650,       -1340.8862000,
   166,           0.9801660,       -1340.8504000,
   167,           0.9801670,       -1340.8180000,
   168,           0.9801680,       -1340.7801000,
   169,           0.9801690,       -1340.7451000,
   170,           0.9801700,       -1340.7100000,
   171,           0.9801710,       -1340.6730000,
   172,           0.9801720,       -1340.6400000,
   173,           0.9801730,       -1340.6040000,
   174,           0.9801740,       -1340.5672000,
   175,           0.9801750,       -1340.5320000,
   176,           0.9801760,       -1340.4982000,
   177,           0.9801770,       -1340.4613000,
   178,           0.9801780,       -1340.4260000,
   179,           0.9801790,       -1340.3910000,
   180,           0.9801800,       -1340.3540000,
   181,           0.9801810,       -1340.3204000,
   182,           0.9801820,       -1340.2850000,
   183,           0.9801830,       -1340.2484000,
   184,           0.9801840,       -1340.2140000,
   185,           0.9801850,       -1340.1794000,
   186,           0.9801860,       -1340.1430000,
   187,           0.9801870,       -1340.1074000,
   188,           0.9801880,       -1340.0720000,
   189,           0.9801890,       -1340.0360000,
   190,           0.9801900,       -1340.0014000,
   191,           0.9801910,       -1339.9663000,
   192,           0.9801920,       -1339.9300000,
   193,           0.9801930,       -1339.8940000,
   194,           0.9801940,       -1339.8604000,
   195,           0.9801950,       -1339.8242000,
   196,           0.9801960,       -1339.7883000,
   197,           0.9801970,       -1339.7530000,
   198,           0.9801980,       -1339.7170000,
   199,           0.9801990,       -1339.6830000,
   200,           0.9802000,       -1339.6480000,
   201,           0.9802010,       -1339.6120000,
   202,           0.9802020,       -1339.5751000,
   203,           0.9802030,       -1339.5430000,
   204,           0.9802040,       -1339.5050000,
   205,           0.9802050,       -1339.4702000,
   206,           0.9802060,       -1339.4343000,
   207,           0.9802070,       -1339.3980000,
   208,           0.9802080,       -1339.3650000,
   209,           0.9802090,       -1339.3284000,
   210,           0.9802100,       -1339.2921000,
   211,           0.9802110,       -1339.2562000,
   212,           0.9802120,       -1339.2233000,
   213,           0.9802130,       -1339.1860000,
   214,           0.9802140,       -1339.1510000,
   215,           0.9802150,       -1339.1160000,
   216,           0.9802160,       -1339.0784000,
   217,           0.9802170,       -1339.0454000,
   218,           0.9802180,       -1339.0092000,
   219,           0.9802190,       -1338.9731000,
   220,           0.9802200,       -1338.9374000,
   221,           0.9802210,       -1338.9040000,
   222,           0.9802220,       -1338.8680000,
   223,           0.9802230,       -1338.8322000,
   224,           0.9802240,       -1338.7962000,
   225,           0.9802250,       -1338.7602000,
   226,           0.9802260,       -1338.7263000,
   227,           0.9802270,       -1338.6920000,
   228,           0.9802280,       -1338.6542000,
   229,           0.9802290,       -1338.6191000,
   230,           0.9802300,       -1338.5852000,
   231,           0.9802310,       -1338.5490000,
   232,           0.9802320,       -1338.5133000,
   233,           0.9802330,       -1338.4780000,
   234,           0.9802340,       -1338.4414000,
   235,           0.9802350,       -1338.4080000,
   236,           0.9802360,       -1338.3730000,
   237,           0.9802370,       -1338.3352000,
   238,           0.9802380,       -1338.3000000,
   239,           0.9802390,       -1338.2663000,
   240,           0.9802400,       -1338.2300000,
   241,           0.9802410,       -1338.1950000,
   242,           0.9802420,       -1338.1590000,
   243,           0.9802430,       -1338.1230000,
   244,           0.9802440,       -1338.0890000,
   245,           0.9802450,       -1338.0540000,
   246,           0.9802460,       -1338.0180000,
   247,           0.9802470,       -1337.9820000,
   248,           0.9802480,       -1337.9473000,
   249,           0.9802490,       -1337.9112000,
   250,           0.9802500,       -1337.8760000,
   251,           0.9802510,       -1337.8400000,
   252,           0.9802520,       -1337.8040000,
   253,           0.9802530,       -1337.7701000,
   254,           0.9802540,       -1337.7331000,
   255,           0.9802550,       -1337.6983000,
   256,           0.9802560,       -1337.6630000,
   257,           0.9802570,       -1337.6284000,
   258,           0.9802580,       -1337.5920000,
   259,           0.9802590,       -1337.5580000,
   260,           0.9802600,       -1337.5210000,
   261,           0.9802610,       -1337.4843000,
   262,           0.9802620,       -1337.4520000,
   263,           0.9802630,       -1337.4150000,
   264,           0.9802640,       -1337.3791000,
   265,           0.9802650,       -1337.3430000,
   266,           0.9802660,       -1337.3094000,
   267,           0.9802670,       -1337.2740000,
   268,           0.9802680,       -1337.2382000,
   269,           0.9802690,       -1337.2020000,
   270,           0.9802700,       -1337.1660000,
   271,           0.9802710,       -1337.1333000,
   272,           0.9802720,       -1337.0963000,
   273,           0.9802730,       -1337.0610000,
   274,           0.9802740,       -1337.0260000,
   275,           0.9802750,       -1336.9910000,
   276,           0.9802760,       -1336.9550000,
   277,           0.9802770,       -1336.9200000,
   278,           0.9802780,       -1336.8830000,
   279,           0.9802790,       -1336.8474000,
   280,           0.9802800,       -1336.8142000,
   281,           0.9802810,       -1336.7772000,
   282,           0.9802820,       -1336.7423000,
   283,           0.9802830,       -1336.7070000,
   284,           0.9802840,       -1336.6720000,
   285,           0.9802850,       -1336.6370000,
   286,           0.9802860,       -1336.6010000,
   287,           0.9802870,       -1336.5653000,
   288,           0.9802880,       -1336.5300000,
   289,           0.9802890,       -1336.4960000,
   290,           0.9802900,       -1336.4593000,
   291,           0.9802910,       -1336.4240000,
   292,           0.9802920,       -1336.3880000,
   293,           0.9802930,       -1336.3530000,
   294,           0.9802940,       -1336.3180000,
   295,           0.9802950,       -1336.2830000,
   296,           0.9802960,       -1336.2460000,
   297,           0.9802970,       -1336.2110000,
   298,           0.9802980,       -1336.1773000,
   299,           0.9802990,       -1336.1410000,
   300,           0.9803000,       -1336.1054000,
   301,           0.9803010,       -1336.0700000,
   302,           0.9803020,       -1336.0350000,
   303,           0.9803030,       -1336.0000000,
   304,           0.9803040,       -1335.9640000,
   305,           0.9803050,       -1335.9271000,
   306,           0.9803060,       -1335.8920000,
   307,           0.9803070,       -1335.8583000,
   308,           0.9803080,       -1335.8220000,
   309,           0.9803090,       -1335.7860000,
   310,           0.9803100,       -1335.7510000,
   311,           0.9803110,       -1335.7161000,
   312,           0.9803120,       -1335.6810000,
   313,           0.9803130,       -1335.6451000,
   314,           0.9803140,       -1335.6083000,
   315,           0.9803150,       -1335.5733000,
   316,           0.9803160,       -1335.5390000,
   317,           0.9803170,       -1335.5030000,
   318,           0.9803180,       -1335.4674000,
   319,           0.9803190,       -1335.4310000,
   320,           0.9803200,       -1335.3980000,
   321,           0.9803210,       -1335.3620000,
   322,           0.9803220,       -1335.3261000,
   323,           0.9803230,       -1335.2900000,
   324,           0.9803240,       -1335.2563000,
   325,           0.9803250,       -1335.2193000,
   326,           0.9803260,       -1335.1850000,
   327,           0.9803270,       -1335.1494000,
   328,           0.9803280,       -1335.1120000,
   329,           0.9803290,       -1335.0794000,
   330,           0.9803300,       -1335.0440000,
   331,           0.9803310,       -1335.0070000,
   332,           0.9803320,       -1334.9710000,
   333,           0.9803330,       -1334.9380000,
   334,           0.9803340,       -1334.9014000,
   335,           0.9803350,       -1334.8664000,
   336,           0.9803360,       -1334.8310000,
   337,           0.9803370,       -1334.7940000,
   338,           0.9803380,       -1334.7611000,
   339,           0.9803390,       -1334.7250000,
   340,           0.9803400,       -1334.6884000,
   341,           0.9803410,       -1334.6523000,
   342,           0.9803420,       -1334.6200000,
   343,           0.9803430,       -1334.5830000,
   344,           0.9803440,       -1334.5480000,
   345,           0.9803450,       -1334.5130000,
   346,           0.9803460,       -1334.4753000,
   347,           0.9803470,       -1334.4430000,
   348,           0.9803480,       -1334.4060000,
   349,           0.9803490,       -1334.3700000,
   350,           0.9803500,       -1334.3344000,
   351,           0.9803510,       -1334.3013000,
   352,           0.9803520,       -1334.2650000,
   353,           0.9803530,       -1334.2292000,
   354,           0.9803540,       -1334.1943000,
   355,           0.9803550,       -1334.1570000,
   356,           0.9803560,       -1334.1240000,
   357,           0.9803570,       -1334.0882000,
   358,           0.9803580,       -1334.0512000,
   359,           0.9803590,       -1334.0160000,
   360,           0.9803600,       -1333.9830000,
   361,           0.9803610,       -1333.9470000,
   362,           0.9803620,       -1333.9110000,
   363,           0.9803630,       -1333.8750000,
   364,           0.9803640,       -1333.8380000,
   365,           0.9803650,       -1333.8054000,
   366,           0.9803660,       -1333.7680000,
   367,           0.9803670,       -1333.7330000,
   368,           0.9803680,       -1333.6971000,
   369,           0.9803690,       -1333.6630000,
   370,           0.9803700,       -1333.6280000,
   371,           0.9803710,       -1333.5920000,
   372,           0.9803720,       -1333.5550000,
   373,           0.9803730,       -1333.5202000,
   374,           0.9803740,       -1333.4870000,
   375,           0.9803750,       -1333.4500000,
   376,           0.9803760,       -1333.4141000,
   377,           0.9803770,       -1333.3800000,
   378,           0.9803780,       -1333.3444000,
   379,           0.9803790,       -1333.3090000,
   380,           0.9803800,       -1333.2734000,
   381,           0.9803810,       -1333.2371000,
   382,           0.9803820,       -1333.2023000,
   383,           0.9803830,       -1333.1690000,
   384,           0.9803840,       -1333.1320000,
   385,           0.9803850,       -1333.0963000,
   386,           0.9803860,       -1333.0612000,
   387,           0.9803870,       -1333.0260000,
   388,           0.9803880,       -1332.9912000,
   389,           0.9803890,       -1332.9560000,
   390,           0.9803900,       -1332.9200000,
   391,           0.9803910,       -1332.8830000,
   392,           0.9803920,       -1332.8494000,
   393,           0.9803930,       -1332.8124000,
   394,           0.9803940,       -1332.7781000,
   395,           0.9803950,       -1332.7430000,
   396,           0.9803960,       -1332.7080000,
   397,           0.9803970,       -1332.6730000,
   398,           0.9803980,       -1332.6370000,
   399,           0.9803990,       -1332.6003000,
   400,           0.9804000,       -1332.5644000,
   401,           0.9804010,       -1332.5320000,
   402,           0.9804020,       -1332.4950000,
   403,           0.9804030,       -1332.4600000,
   404,           0.9804040,       -1332.4240000,
   405,           0.9804050,       -1332.3894000,
   406,           0.9804060,       -1332.3540000,
   407,           0.9804070,       -1332.3170000,
   408,           0.9804080,       -1332.2820000,
   409,           0.9804090,       -1332.2462000,
   410,           0.9804100,       -1332.2121000,
   411,           0.9804110,       -1332.1761000,
   412,           0.9804120,       -1332.1410000,
   413,           0.9804130,       -1332.1043000,
   414,           0.9804140,       -1332.0710000,
   415,           0.9804150,       -1332.0352000,
   416,           0.9804160,       -1331.9990000,
   417,           0.9804170,       -1331.9640000,
   418,           0.9804180,       -1331.9274000,
   419,           0.9804190,       -1331.8931000,
   420,           0.9804200,       -1331.8581000,
   421,           0.9804210,       -1331.8230000,
   422,           0.9804220,       -1331.7863000,
   423,           0.9804230,       -1331.7530000,
   424,           0.9804240,       -1331.7170000,
   425,           0.9804250,       -1331.6804000,
   426,           0.9804260,       -1331.6451000,
   427,           0.9804270,       -1331.6094000,
   428,           0.9804280,       -1331.5760000,
   429,           0.9804290,       -1331.5400000,
   430,           0.9804300,       -1331.5040000,
   431,           0.9804310,       -1331.4670000,
   432,           0.9804320,       -1331.4340000,
   433,           0.9804330,       -1331.3990000,
   434,           0.9804340,       -1331.3624000,
   435,           0.9804350,       -1331.3270000,
   436,           0.9804360,       -1331.2910000,
   437,           0.9804370,       -1331.2572000,
   438,           0.9804380,       -1331.2211000,
   439,           0.9804390,       -1331.1844000,
   440,           0.9804400,       -1331.1490000,
   441,           0.9804410,       -1331.1162000,
   442,           0.9804420,       -1331.0793000,
   443,           0.9804430,       -1331.0440000,
   444,           0.9804440,       -1331.0091000,
   445,           0.9804450,       -1330.9722000,
   446,           0.9804460,       -1330.9393000,
   447,           0.9804470,       -1330.9034000,
   448,           0.9804480,       -1330.8674000,
   449,           0.9804490,       -1330.8310000,
   450,           0.9804500,       -1330.7983000,
   451,           0.9804510,       -1330.7610000,
   452,           0.9804520,       -1330.7260000,
   453,           0.9804530,       -1330.6901000,
   454,           0.9804540,       -1330.6531000,
   455,           0.9804550,       -1330.6201000,
   456,           0.9804560,       -1330.5850000,
   457,           0.9804570,       -1330.5483000,
   458,           0.9804580,       -1330.5124000,
   459,           0.9804590,       -1330.4800000,
   460,           0.9804600,       -1330.4430000,
   461,           0.9804610,       -1330.4080000,
   462,           0.9804620,       -1330.3720000,
   463,           0.9804630,       -1330.3350000,
   464,           0.9804640,       -1330.3020000,
   465,           0.9804650,       -1330.2661000,
   466,           0.9804660,       -1330.2300000,
   467,           0.9804670,       -1330.1940000,
   468,           0.9804680,       -1330.1600000,
   469,           0.9804690,       -1330.1242000,
   470,           0.9804700,       -1330.0890000,
   471,           0.9804710,       -1330.0523000,
   472,           0.9804720,       -1330.0170000,
   473,           0.9804730,       -1329.9840000,
   474,           0.9804740,       -1329.9470000,
   475,           0.9804750,       -1329.9120000,
   476,           0.9804760,       -1329.8763000,
   477,           0.9804770,       -1329.8422000,
   478,           0.9804780,       -1329.8061000,
   479,           0.9804790,       -1329.7711000,
   480,           0.9804800,       -1329.7344000,
   481,           0.9804810,       -1329.6990000,
   482,           0.9804820,       -1329.6660000,
   483,           0.9804830,       -1329.6290000,
   484,           0.9804840,       -1329.5930000,
   485,           0.9804850,       -1329.5582000,
   486,           0.9804860,       -1329.5230000,
   487,           0.9804870,       -1329.4890000,
   488,           0.9804880,       -1329.4530000,
   489,           0.9804890,       -1329.4160000,
   490,           0.9804900,       -1329.3810000,
   491,           0.9804910,       -1329.3480000,
   492,           0.9804920,       -1329.3110000,
   493,           0.9804930,       -1329.2750000,
   494,           0.9804940,       -1329.2400000,
   495,           0.9804950,       -1329.2050000,
   496,           0.9804960,       -1329.1700000,
   497,           0.9804970,       -1329.1341000,
   498,           0.9804980,       -1329.0980000,
   499,           0.9804990,       -1329.0623000,
   500,           0.9805000,       -1329.0283000,
   501,           0.9805010,       -1328.9930000,
   502,           0.9805020,       -1328.9570000,
   503,           0.9805030,       -1328.9204000,
   504,           0.9805040,       -1328.8870000,
   505,           0.9805050,       -1328.8520000,
   506,           0.9805060,       -1328.8143000,
   507,           0.9805070,       -1328.7800000,
   508,           0.9805080,       -1328.7440000,
   509,           0.9805090,       -1328.7100000,
   510,           0.9805100,       -1328.6740000,
   511,           0.9805110,       -1328.6390000,
   512,           0.9805120,       -1328.6022000,
   513,           0.9805130,       -1328.5690000,
   514,           0.9805140,       -1328.5340000,
   515,           0.9805150,       -1328.4970000,
   516,           0.9805160,       -1328.4620000,
   517,           0.9805170,       -1328.4260000,
   518,           0.9805180,       -1328.3920000,
   519,           0.9805190,       -1328.3560000,
   520,           0.9805200,       -1328.3210000,
   521,           0.9805210,       -1328.2840000,
   522,           0.9805220,       -1328.2514000,
   523,           0.9805230,       -1328.2140000,
   524,           0.9805240,       -1328.1790000,
   525,           0.9805250,       -1328.1440000,
   526,           0.9805260,       -1328.1090000,
   527,           0.9805270,       -1328.0734000,
   528,           0.9805280,       -1328.0380000,
   529,           0.9805290,       -1328.0013000,
   530,           0.9805300,       -1327.9660000,
   531,           0.9805310,       -1327.9330000,
   532,           0.9805320,       -1327.8960000,
   533,           0.9805330,       -1327.8610000,
   534,           0.9805340,       -1327.8254000,
   535,           0.9805350,       -1327.7912000,
   536,           0.9805360,       -1327.7550000,
   537,           0.9805370,       -1327.7200000,
   538,           0.9805380,       -1327.6840000,
   539,           0.9805390,       -1327.6490000,
   540,           0.9805400,       -1327.6150000,
   541,           0.9805410,       -1327.5781000,
   542,           0.9805420,       -1327.5430000,
   543,           0.9805430,       -1327.5074000,
   544,           0.9805440,       -1327.4730000,
   545,           0.9805450,       -1327.4371000,
   546,           0.9805460,       -1327.4023000,
   547,           0.9805470,       -1327.3650000,
   548,           0.9805480,       -1327.3302000,
   549,           0.9805490,       -1327.2951000,
   550,           0.9805500,       -1327.2610000,
   551,           0.9805510,       -1327.2241000,
   552,           0.9805520,       -1327.1873000,
   553,           0.9805530,       -1327.1550000,
   554,           0.9805540,       -1327.1193000,
   555,           0.9805550,       -1327.0830000,
   556,           0.9805560,       -1327.0470000,
   557,           0.9805570,       -1327.0120000,
   558,           0.9805580,       -1326.9770000,
   559,           0.9805590,       -1326.9420000,
   560,           0.9805600,       -1326.9061000,
   561,           0.9805610,       -1326.8700000,
   562,           0.9805620,       -1326.8364000,
   563,           0.9805630,       -1326.8013000,
   564,           0.9805640,       -1326.7641000,
   565,           0.9805650,       -1326.7290000,
   566,           0.9805660,       -1326.6943000,
   567,           0.9805670,       -1326.6591000,
   568,           0.9805680,       -1326.6241000,
   569,           0.9805690,       -1326.5881000,
   570,           0.9805700,       -1326.5520000,
   571,           0.9805710,       -1326.5180000,
   572,           0.9805720,       -1326.4820000,
   573,           0.9805730,       -1326.4470000,
   574,           0.9805740,       -1326.4110000,
   575,           0.9805750,       -1326.3740000,
   576,           0.9805760,       -1326.3411000,
   577,           0.9805770,       -1326.3052000,
   578,           0.9805780,       -1326.2691000,
   579,           0.9805790,       -1326.2333000,
   580,           0.9805800,       -1326.2001000,
   581,           0.9805810,       -1326.1640000,
   582,           0.9805820,       -1326.1290000,
   583,           0.9805830,       -1326.0940000,
   584,           0.9805840,       -1326.0562000,
   585,           0.9805850,       -1326.0240000,
   586,           0.9805860,       -1325.9880000,
   587,           0.9805870,       -1325.9511000,
   588,           0.9805880,       -1325.9160000,
   589,           0.9805890,       -1325.8834000,
   590,           0.9805900,       -1325.8460000,
   591,           0.9805910,       -1325.8110000,
   592,           0.9805920,       -1325.7750000,
   593,           0.9805930,       -1325.7390000,
   594,           0.9805940,       -1325.7052000,
   595,           0.9805950,       -1325.6690000,
   596,           0.9805960,       -1325.6331000,
   597,           0.9805970,       -1325.5982000,
   598,           0.9805980,       -1325.5630000,
   599,           0.9805990,       -1325.5281000,
   600,           0.9806000,       -1325.4923000,
   601,           0.9806010,       -1325.4560000,
   602,           0.9806020,       -1325.4210000,
   603,           0.9806030,       -1325.3872000,
   604,           0.9806040,       -1325.3511000,
   605,           0.9806050,       -1325.3153000,
   606,           0.9806060,       -1325.2800000,
   607,           0.9806070,       -1325.2450000,
   608,           0.9806080,       -1325.2102000,
   609,           0.9806090,       -1325.1750000,
   610,           0.9806100,       -1325.1380000,
   611,           0.9806110,       -1325.1030000,
   612,           0.9806120,       -1325.0701000,
   613,           0.9806130,       -1325.0330000,
   614,           0.9806140,       -1324.9973000,
   615,           0.9806150,       -1324.9614000,
   616,           0.9806160,       -1324.9280000,
   617,           0.9806170,       -1324.8920000,
   618,           0.9806180,       -1324.8550000,
   619,           0.9806190,       -1324.8201000,
   620,           0.9806200,       -1324.7850000,
   621,           0.9806210,       -1324.7510000,
   622,           0.9806220,       -1324.7150000,
   623,           0.9806230,       -1324.6790000,
   624,           0.9806240,       -1324.6430000,
   625,           0.9806250,       -1324.6100000,
   626,           0.9806260,       -1324.5740000,
   627,           0.9806270,       -1324.5380000,
   628,           0.9806280,       -1324.5020000,
   629,           0.9806290,       -1324.4670000,
   630,           0.9806300,       -1324.4322000,
   631,           0.9806310,       -1324.3973000,
   632,           0.9806320,       -1324.3612000,
   633,           0.9806330,       -1324.3250000,
   634,           0.9806340,       -1324.2920000,
   635,           0.9806350,       -1324.2550000,
   636,           0.9806360,       -1324.2200000,
   637,           0.9806370,       -1324.1842000,
   638,           0.9806380,       -1324.1481000,
   639,           0.9806390,       -1324.1150000,
   640,           0.9806400,       -1324.0793000,
   641,           0.9806410,       -1324.0424000,
   642,           0.9806420,       -1324.0080000,
   643,           0.9806430,       -1323.9741000,
   644,           0.9806440,       -1323.9383000,
   645,           0.9806450,       -1323.9022000,
   646,           0.9806460,       -1323.8670000,
   647,           0.9806470,       -1323.8300000,
   648,           0.9806480,       -1323.7970000,
   649,           0.9806490,       -1323.7610000,
   650,           0.9806500,       -1323.7250000,
   651,           0.9806510,       -1323.6892000,
   652,           0.9806520,       -1323.6560000,
   653,           0.9806530,       -1323.6190000,
   654,           0.9806540,       -1323.5840000,
   655,           0.9806550,       -1323.5480000,
   656,           0.9806560,       -1323.5120000,
   657,           0.9806570,       -1323.4783000,
   658,           0.9806580,       -1323.4422000,
   659,           0.9806590,       -1323.4073000,
   660,           0.9806600,       -1323.3710000,
   661,           0.9806610,       -1323.3364000,
   662,           0.9806620,       -1323.3020000,
   663,           0.9806630,       -1323.2670000,
   664,           0.9806640,       -1323.2294000,
   665,           0.9806650,       -1323.1943000,
   666,           0.9806660,       -1323.1611000,
   667,           0.9806670,       -1323.1250000,
   668,           0.9806680,       -1323.0890000,
   669,           0.9806690,       -1323.0540000,
   670,           0.9806700,       -1323.0190000,
   671,           0.9806710,       -1322.9840000,
   672,           0.9806720,       -1322.9483000,
   673,           0.9806730,       -1322.9120000,
   674,           0.9806740,       -1322.8760000,
   675,           0.9806750,       -1322.8421000,
   676,           0.9806760,       -1322.8063000,
   677,           0.9806770,       -1322.7720000,
   678,           0.9806780,       -1322.7343000,
   679,           0.9806790,       -1322.7020000,
   680,           0.9806800,       -1322.6660000,
   681,           0.9806810,       -1322.6292000,
   682,           0.9806820,       -1322.5940000,
   683,           0.9806830,       -1322.5590000,
   684,           0.9806840,       -1322.5244000,
   685,           0.9806850,       -1322.4890000,
   686,           0.9806860,       -1322.4533000,
   687,           0.9806870,       -1322.4170000,
   688,           0.9806880,       -1322.3830000,
   689,           0.9806890,       -1322.3481000,
   690,           0.9806900,       -1322.3130000,
   691,           0.9806910,       -1322.2770000,
   692,           0.9806920,       -1322.2401000,
   693,           0.9806930,       -1322.2060000,
   694,           0.9806940,       -1322.1713000,
   695,           0.9806950,       -1322.1342000,
   696,           0.9806960,       -1322.0992000,
   697,           0.9806970,       -1322.0660000,
   698,           0.9806980,       -1322.0292000,
   699,           0.9806990,       -1321.9940000,
   700,           0.9807000,       -1321.9580000,
   701,           0.9807010,       -1321.9220000,
   702,           0.9807020,       -1321.8894000,
   703,           0.9807030,       -1321.8531000,
   704,           0.9807040,       -1321.8170000,
   705,           0.9807050,       -1321.7811000,
   706,           0.9807060,       -1321.7484000,
   707,           0.9807070,       -1321.7120000,
   708,           0.9807080,       -1321.6760000,
   709,           0.9807090,       -1321.6394000,
   710,           0.9807100,       -1321.6040000,
   711,           0.9807110,       -1321.5710000,
   712,           0.9807120,       -1321.5343000,
   713,           0.9807130,       -1321.4990000,
   714,           0.9807140,       -1321.4640000,
   715,           0.9807150,       -1321.4290000,
   716,           0.9807160,       -1321.3940000,
   717,           0.9807170,       -1321.3590000,
   718,           0.9807180,       -1321.3220000,
   719,           0.9807190,       -1321.2880000,
   720,           0.9807200,       -1321.2540000,
   721,           0.9807210,       -1321.2170000,
   722,           0.9807220,       -1321.1820000,
   723,           0.9807230,       -1321.1464000,
   724,           0.9807240,       -1321.1112000,
   725,           0.9807250,       -1321.0770000,
   726,           0.9807260,       -1321.0394000,
   727,           0.9807270,       -1321.0040000,
   728,           0.9807280,       -1320.9710000,
   729,           0.9807290,       -1320.9353000,
   730,           0.9807300,       -1320.8994000,
   731,           0.9807310,       -1320.8640000,
   732,           0.9807320,       -1320.8270000,
   733,           0.9807330,       -1320.7950000,
   734,           0.9807340,       -1320.7590000,
   735,           0.9807350,       -1320.7220000,
   736,           0.9807360,       -1320.6870000,
   737,           0.9807370,       -1320.6540000,
   738,           0.9807380,       -1320.6164000,
   739,           0.9807390,       -1320.5820000,
   740,           0.9807400,       -1320.5461000,
   741,           0.9807410,       -1320.5100000,
   742,           0.9807420,       -1320.4760000,
   743,           0.9807430,       -1320.4392000,
   744,           0.9807440,       -1320.4040000,
   745,           0.9807450,       -1320.3690000,
   746,           0.9807460,       -1320.3340000,
   747,           0.9807470,       -1320.2994000,
   748,           0.9807480,       -1320.2640000,
   749,           0.9807490,       -1320.2274000,
   750,           0.9807500,       -1320.1920000,
   751,           0.9807510,       -1320.1590000,
   752,           0.9807520,       -1320.1220000,
   753,           0.9807530,       -1320.0872000,
   754,           0.9807540,       -1320.0510000,
   755,           0.9807550,       -1320.0170000,
   756,           0.9807560,       -1319.9820000,
   757,           0.9807570,       -1319.9462000,
   758,           0.9807580,       -1319.9091000,
   759,           0.9807590,       -1319.8740000,
   760,           0.9807600,       -1319.8400000,
   761,           0.9807610,       -1319.8044000,
   762,           0.9807620,       -1319.7691000,
   763,           0.9807630,       -1319.7330000,
   764,           0.9807640,       -1319.6994000,
   765,           0.9807650,       -1319.6640000,
   766,           0.9807660,       -1319.6273000,
   767,           0.9807670,       -1319.5920000,
   768,           0.9807680,       -1319.5572000,
   769,           0.9807690,       -1319.5224000,
   770,           0.9807700,       -1319.4870000,
   771,           0.9807710,       -1319.4520000,
   772,           0.9807720,       -1319.4160000,
   773,           0.9807730,       -1319.3823000,
   774,           0.9807740,       -1319.3450000,
   775,           0.9807750,       -1319.3100000,
   776,           0.9807760,       -1319.2750000,
   777,           0.9807770,       -1319.2380000,
   778,           0.9807780,       -1319.2050000,
   779,           0.9807790,       -1319.1700000,
   780,           0.9807800,       -1319.1330000,
   781,           0.9807810,       -1319.0980000,
   782,           0.9807820,       -1319.0644000,
   783,           0.9807830,       -1319.0274000,
   784,           0.9807840,       -1318.9924000,
   785,           0.9807850,       -1318.9562000,
   786,           0.9807860,       -1318.9210000,
   787,           0.9807870,       -1318.8880000,
   788,           0.9807880,       -1318.8530000,
   789,           0.9807890,       -1318.8150000,
   790,           0.9807900,       -1318.7800000,
   791,           0.9807910,       -1318.7452000,
   792,           0.9807920,       -1318.7103000,
   793,           0.9807930,       -1318.6743000,
   794,           0.9807940,       -1318.6390000,
   795,           0.9807950,       -1318.6021000,
   796,           0.9807960,       -1318.5700000,
   797,           0.9807970,       -1318.5330000,
   798,           0.9807980,       -1318.4980000,
   799,           0.9807990,       -1318.4624000,
   800,           0.9808000,       -1318.4283000,
   801,           0.9808010,       -1318.3930000,
   802,           0.9808020,       -1318.3580000,
   803,           0.9808030,       -1318.3210000,
   804,           0.9808040,       -1318.2852000,
   805,           0.9808050,       -1318.2510000,
   806,           0.9808060,       -1318.2160000,
   807,           0.9808070,       -1318.1802000,
   808,           0.9808080,       -1318.1440000,
   809,           0.9808090,       -1318.1100000,
   810,           0.9808100,       -1318.0753000,
   811,           0.9808110,       -1318.0382000,
   812,           0.9808120,       -1318.0034000,
   813,           0.9808130,       -1317.9674000,
   814,           0.9808140,       -1317.9342000,
   815,           0.9808150,       -1317.8981000,
   816,           0.9808160,       -1317.8630000,
   817,           0.9808170,       -1317.8260000,
   818,           0.9808180,       -1317.7940000,
   819,           0.9808190,       -1317.7570000,
   820,           0.9808200,       -1317.7214000,
   821,           0.9808210,       -1317.6860000,
   822,           0.9808220,       -1317.6490000,
   823,           0.9808230,       -1317.6152000,
   824,           0.9808240,       -1317.5811000,
   825,           0.9808250,       -1317.5441000,
   826,           0.9808260,       -1317.5090000,
   827,           0.9808270,       -1317.4753000,
   828,           0.9808280,       -1317.4390000,
   829,           0.9808290,       -1317.4040000,
   830,           0.9808300,       -1317.3682000,
   831,           0.9808310,       -1317.3320000,
   832,           0.9808320,       -1317.2984000,
   833,           0.9808330,       -1317.2623000,
   834,           0.9808340,       -1317.2270000,
   835,           0.9808350,       -1317.1912000,
   836,           0.9808360,       -1317.1570000,
   837,           0.9808370,       -1317.1214000,
   838,           0.9808380,       -1317.0870000,
   839,           0.9808390,       -1317.0494000,
   840,           0.9808400,       -1317.0141000,
   841,           0.9808410,       -1316.9810000,
   842,           0.9808420,       -1316.9450000,
   843,           0.9808430,       -1316.9090000,
   844,           0.9808440,       -1316.8742000,
   845,           0.9808450,       -1316.8391000,
   846,           0.9808460,       -1316.8041000,
   847,           0.9808470,       -1316.7672000,
   848,           0.9808480,       -1316.7320000,
   849,           0.9808490,       -1316.6970000,
   850,           0.9808500,       -1316.6630000,
   851,           0.9808510,       -1316.6271000,
   852,           0.9808520,       -1316.5922000,
   853,           0.9808530,       -1316.5560000,
   854,           0.9808540,       -1316.5224000,
   855,           0.9808550,       -1316.4870000,
   856,           0.9808560,       -1316.4504000,
   857,           0.9808570,       -1316.4152000,
   858,           0.9808580,       -1316.3800000,
   859,           0.9808590,       -1316.3450000,
   860,           0.9808600,       -1316.3100000,
   861,           0.9808610,       -1316.2731000,
   862,           0.9808620,       -1316.2380000,
   863,           0.9808630,       -1316.2044000,
   864,           0.9808640,       -1316.1690000,
   865,           0.9808650,       -1316.1330000,
   866,           0.9808660,       -1316.0980000,
   867,           0.9808670,       -1316.0610000,
   868,           0.9808680,       -1316.0280000,
   869,           0.9808690,       -1315.9924000,
   870,           0.9808700,       -1315.9560000,
   871,           0.9808710,       -1315.9210000,
   872,           0.9808720,       -1315.8880000,
   873,           0.9808730,       -1315.8510000,
   874,           0.9808740,       -1315.8160000,
   875,           0.9808750,       -1315.7791000,
   876,           0.9808760,       -1315.7442000,
   877,           0.9808770,       -1315.7104000,
   878,           0.9808780,       -1315.6740000,
   879,           0.9808790,       -1315.6381000,
   880,           0.9808800,       -1315.6040000,
   881,           0.9808810,       -1315.5690000,
   882,           0.9808820,       -1315.5340000,
   883,           0.9808830,       -1315.4990000,
   884,           0.9808840,       -1315.4620000,
   885,           0.9808850,       -1315.4260000,
   886,           0.9808860,       -1315.3930000,
   887,           0.9808870,       -1315.3560000,
   888,           0.9808880,       -1315.3220000,
   889,           0.9808890,       -1315.2840000,
   890,           0.9808900,       -1315.2510000,
   891,           0.9808910,       -1315.2160000,
   892,           0.9808920,       -1315.1790000,
   893,           0.9808930,       -1315.1440000,
   894,           0.9808940,       -1315.1090000,
   895,           0.9808950,       -1315.0750000,
   896,           0.9808960,       -1315.0390000,
   897,           0.9808970,       -1315.0040000,
   898,           0.9808980,       -1314.9664000,
   899,           0.9808990,       -1314.9350000,
   900,           0.9809000,       -1308.2230000,
   901,           0.9809010,       -1308.1880000,
   902,           0.9809020,       -1308.1520000,
   903,           0.9809030,       -1308.1153000,
   904,           0.9809040,       -1308.0820000,
   905,           0.9809050,       -1308.0470000,
   906,           0.9809060,       -1308.0100000,
   907,           0.9809070,       -1307.9753000,
   908,           0.9809080,       -1307.9420000,
   909,           0.9809090,       -1307.9053000,
   910,           0.9809100,       -1307.8700000,
   911,           0.9809110,       -1307.8350000,
   912,           0.9809120,       -1307.7974000,
   913,           0.9809130,       -1307.7651000,
   914,           0.9809140,       -1307.7290000,
   915,           0.9809150,       -1307.6931000,
   916,           0.9809160,       -1307.6571000,
   917,           0.9809170,       -1307.6230000,
   918,           0.9809180,       -1307.5870000,
   919,           0.9809190,       -1307.5520000,
   920,           0.9809200,       -1307.5144000,
   921,           0.9809210,       -1307.4812000,
   922,           0.9809220,       -1307.4462000,
   923,           0.9809230,       -1307.4094000,
   924,           0.9809240,       -1307.3740000,
   925,           0.9809250,       -1307.3390000,
   926,           0.9809260,       -1307.3044000,
   927,           0.9809270,       -1307.2691000,
   928,           0.9809280,       -1307.2321000,
   929,           0.9809290,       -1307.1970000,
   930,           0.9809300,       -1307.1634000,
   931,           0.9809310,       -1307.1270000,
   932,           0.9809320,       -1307.0913000,
   933,           0.9809330,       -1307.0571000,
   934,           0.9809340,       -1307.0200000,
   935,           0.9809350,       -1306.9860000,
   936,           0.9809360,       -1306.9514000,
   937,           0.9809370,       -1306.9140000,
   938,           0.9809380,       -1306.8790000,
   939,           0.9809390,       -1306.8440000,
   940,           0.9809400,       -1306.8094000,
   941,           0.9809410,       -1306.7733000,
   942,           0.9809420,       -1306.7373000,
   943,           0.9809430,       -1306.7012000,
   944,           0.9809440,       -1306.6690000,
   945,           0.9809450,       -1306.6320000,
   946,           0.9809460,       -1306.5970000,
   947,           0.9809470,       -1306.5611000,
   948,           0.9809480,       -1306.5270000,
   949,           0.9809490,       -1306.4920000,
   950,           0.9809500,       -1306.4561000,
   951,           0.9809510,       -1306.4200000,
   952,           0.9809520,       -1306.3850000,
   953,           0.9809530,       -1306.3500000,
   954,           0.9809540,       -1306.3140000,
   955,           0.9809550,       -1306.2784000,
   956,           0.9809560,       -1306.2431000,
   957,           0.9809570,       -1306.2093000,
   958,           0.9809580,       -1306.1743000,
   959,           0.9809590,       -1306.1370000,
   960,           0.9809600,       -1306.1020000,
   961,           0.9809610,       -1306.0660000,
   962,           0.9809620,       -1306.0320000,
   963,           0.9809630,       -1305.9952000,
   964,           0.9809640,       -1305.9600000,
   965,           0.9809650,       -1305.9240000,
   966,           0.9809660,       -1305.8901000,
   967,           0.9809670,       -1305.8540000,
   968,           0.9809680,       -1305.8190000,
   969,           0.9809690,       -1305.7840000,
   970,           0.9809700,       -1305.7480000,
   971,           0.9809710,       -1305.7133000,
   972,           0.9809720,       -1305.6783000,
   973,           0.9809730,       -1305.6413000,
   974,           0.9809740,       -1305.6060000,
   975,           0.9809750,       -1305.5714000,
   976,           0.9809760,       -1305.5364000,
   977,           0.9809770,       -1305.5012000,
   978,           0.9809780,       -1305.4640000,
   979,           0.9809790,       -1305.4300000,
   980,           0.9809800,       -1305.3952000,
   981,           0.9809810,       -1305.3591000,
   982,           0.9809820,       -1305.3240000,
   983,           0.9809830,       -1305.2890000,
   984,           0.9809840,       -1305.2541000,
   985,           0.9809850,       -1305.2190000,
   986,           0.9809860,       -1305.1820000,
   987,           0.9809870,       -1305.1473000,
   988,           0.9809880,       -1305.1114000,
   989,           0.9809890,       -1305.0770000,
   990,           0.9809900,       -1305.0413000,
   991,           0.9809910,       -1305.0061000,
   992,           0.9809920,       -1304.9700000,
   993,           0.9809930,       -1304.9361000,
   994,           0.9809940,       -1304.9014000,
   995,           0.9809950,       -1304.8650000,
   996,           0.9809960,       -1304.8300000,
   997,           0.9809970,       -1304.7940000,
   998,           0.9809980,       -1304.7601000,
   999,           0.9809990,       -1304.7250000,
  1000,           0.9810000,       -1304.6880000,
  1001,           0.9810010,       -1304.6530000,
  1002,           0.9810020,       -1304.6200000,
  1003,           0.9810030,       -1304.5812000,
  1004,           0.9810040,       -1304.5460000,
  1005,           0.9810050,       -1304.5104000,
  1006,           0.9810060,       -1304.4741000,
  1007,           0.9810070,       -1304.4412000,
  1008,           0.9810080,       -1304.4062000,
  1009,           0.9810090,       -1304.3690000,
  1010,           0.9810100,       -1304.3341000,
  1011,           0.9810110,       -1304.3000000,
  1012,           0.9810120,       -1304.2644000,
  1013,           0.9810130,       -1304.2290000,
  1014,           0.9810140,       -1304.1930000,
  1015,           0.9810150,       -1304.1572000,
  1016,           0.9810160,       -1304.1231000,
  1017,           0.9810170,       -1304.0870000,
  1018,           0.9810180,       -1304.0513000,
  1019,           0.9810190,       -1304.0162000,
  1020,           0.9810200,       -1303.9820000,
  1021,           0.9810210,       -1303.9470000,
  1022,           0.9810220,       -1303.9100000,
  1023,           0.9810230,       -1303.8742000,
  1024,           0.9810240,       -1303.8390000,
  1025,           0.9810250,       -1303.8050000,
  1026,           0.9810260,       -1303.7692000,
  1027,           0.9810270,       -1303.7340000,
  1028,           0.9810280,       -1303.6971000,
  1029,           0.9810290,       -1303.6644000,
  1030,           0.9810300,       -1303.6291000,
  1031,           0.9810310,       -1303.5930000,
  1032,           0.9810320,       -1303.5570000,
  1033,           0.9810330,       -1303.5210000,
  1034,           0.9810340,       -1303.4880000,
  1035,           0.9810350,       -1303.4520000,
  1036,           0.9810360,       -1303.4151000,
  1037,           0.9810370,       -1303.3800000,
  1038,           0.9810380,       -1303.3470000,
  1039,           0.9810390,       -1303.3101000,
  1040,           0.9810400,       -1303.2750000,
  1041,           0.9810410,       -1303.2392000,
  1042,           0.9810420,       -1303.2030000,
  1043,           0.9810430,       -1303.1701000,
  1044,           0.9810440,       -1303.1330000,
  1045,           0.9810450,       -1303.0980000,
  1046,           0.9810460,       -1303.0614000,
  1047,           0.9810470,       -1303.0270000,
  1048,           0.9810480,       -1302.9924000,
  1049,           0.9810490,       -1302.9570000,
  1050,           0.9810500,       -1302.9202000,
  1051,           0.9810510,       -1302.8850000,
  1052,           0.9810520,       -1302.8520000,
  1053,           0.9810530,       -1302.8150000,
  1054,           0.9810540,       -1302.7794000,
  1055,           0.9810550,       -1302.7430000,
  1056,           0.9810560,       -1302.7092000,
  1057,           0.9810570,       -1302.6750000,
  1058,           0.9810580,       -1302.6380000,
  1059,           0.9810590,       -1302.6024000,
  1060,           0.9810600,       -1302.5672000,
  1061,           0.9810610,       -1302.5330000,
  1062,           0.9810620,       -1302.4973000,
  1063,           0.9810630,       -1302.4630000,
  1064,           0.9810640,       -1302.4254000,
  1065,           0.9810650,       -1302.3930000,
  1066,           0.9810660,       -1302.3560000,
  1067,           0.9810670,       -1302.3210000,
  1068,           0.9810680,       -1302.2850000,
  1069,           0.9810690,       -1302.2490000,
  1070,           0.9810700,       -1302.2152000,
  1071,           0.9810710,       -1302.1800000,
  1072,           0.9810720,       -1302.1431000,
  1073,           0.9810730,       -1302.1072000,
  1074,           0.9810740,       -1302.0734000,
  1075,           0.9810750,       -1302.0383000,
  1076,           0.9810760,       -1302.0031000,
  1077,           0.9810770,       -1301.9661000,
  1078,           0.9810780,       -1301.9311000,
  1079,           0.9810790,       -1301.8980000,
  1080,           0.9810800,       -1301.8620000,
  1081,           0.9810810,       -1301.8260000,
  1082,           0.9810820,       -1301.7912000,
  1083,           0.9810830,       -1301.7564000,
  1084,           0.9810840,       -1301.7210000,
  1085,           0.9810850,       -1301.6850000,
  1086,           0.9810860,       -1301.6490000,
  1087,           0.9810870,       -1301.6141000,
  1088,           0.9810880,       -1301.5780000,
  1089,           0.9810890,       -1301.5430000,
  1090,           0.9810900,       -1301.5080000,
  1091,           0.9810910,       -1301.4720000,
  1092,           0.9810920,       -1301.4372000,
  1093,           0.9810930,       -1301.4030000,
  1094,           0.9810940,       -1301.3670000,
  1095,           0.9810950,       -1301.3310000,
  1096,           0.9810960,       -1301.2943000,
  1097,           0.9810970,       -1301.2620000,
  1098,           0.9810980,       -1301.2263000,
  1099,           0.9810990,       -1301.1900000,
  1100,           0.9811000,       -1301.1540000,
  1101,           0.9811010,       -1301.1210000,
  1102,           0.9811020,       -1301.0850000,
  1103,           0.9811030,       -1301.0490000,
  1104,           0.9811040,       -1301.0140000,
  1105,           0.9811050,       -1300.9770000,
  1106,           0.9811060,       -1300.9440000,
  1107,           0.9811070,       -1300.9080000,
  1108,           0.9811080,       -1300.8721000,
  1109,           0.9811090,       -1300.8370000,
  1110,           0.9811100,       -1300.8030000,
  1111,           0.9811110,       -1300.7662000,
  1112,           0.9811120,       -1300.7314000,
  1113,           0.9811130,       -1300.6950000,
  1114,           0.9811140,       -1300.6620000,
  1115,           0.9811150,       -1300.6270000,
  1116,           0.9811160,       -1300.5900000,
  1117,           0.9811170,       -1300.5550000,
  1118,           0.9811180,       -1300.5180000,
  1119,           0.9811190,       -1300.4850000,
  1120,           0.9811200,       -1300.4490000,
  1121,           0.9811210,       -1300.4140000,
  1122,           0.9811220,       -1300.3780000,
  1123,           0.9811230,       -1300.3444000,
  1124,           0.9811240,       -1300.3080000,
  1125,           0.9811250,       -1300.2733000,
  1126,           0.9811260,       -1300.2360000,
  1127,           0.9811270,       -1300.2010000,
  1128,           0.9811280,       -1300.1680000,
  1129,           0.9811290,       -1300.1310000,
  1130,           0.9811300,       -1300.0960000,
  1131,           0.9811310,       -1300.0593000,
  1132,           0.9811320,       -1300.0260000,
  1133,           0.9811330,       -1299.9900000,
  1134,           0.9811340,       -1299.9543000,
  1135,           0.9811350,       -1299.9180000,
  1136,           0.9811360,       -1299.8831000,
  1137,           0.9811370,       -1299.8482000,
  1138,           0.9811380,       -1299.8133000,
  1139,           0.9811390,       -1299.7774000,
  1140,           0.9811400,       -1299.7410000,
  1141,           0.9811410,       -1299.7080000,
  1142,           0.9811420,       -1299.6721000,
  1143,           0.9811430,       -1299.6361000,
  1144,           0.9811440,       -1299.6010000,
  1145,           0.9811450,       -1299.5660000,
  1146,           0.9811460,       -1299.5310000,
  1147,           0.9811470,       -1299.4960000,
  1148,           0.9811480,       -1299.4591000,
  1149,           0.9811490,       -1299.4240000,
  1150,           0.9811500,       -1299.3910000,
  1151,           0.9811510,       -1299.3550000,
  1152,           0.9811520,       -1299.3190000,
  1153,           0.9811530,       -1299.2833000,
  1154,           0.9811540,       -1299.2470000,
  1155,           0.9811550,       -1299.2141000,
  1156,           0.9811560,       -1299.1780000,
  1157,           0.9811570,       -1299.1420000,
  1158,           0.9811580,       -1299.1070000,
  1159,           0.9811590,       -1299.0721000,
  1160,           0.9811600,       -1299.0371000,
  1161,           0.9811610,       -1299.0020000,
  1162,           0.9811620,       -1298.9654000,
  1163,           0.9811630,       -1298.9304000,
  1164,           0.9811640,       -1298.8964000,
  1165,           0.9811650,       -1298.8600000,
  1166,           0.9811660,       -1298.8243000,
  1167,           0.9811670,       -1298.7883000,
  1168,           0.9811680,       -1298.7550000,
  1169,           0.9811690,       -1298.7200000,
  1170,           0.9811700,       -1298.6831000,
  1171,           0.9811710,       -1298.6480000,
  1172,           0.9811720,       -1298.6121000,
  1173,           0.9811730,       -1298.5782000,
  1174,           0.9811740,       -1298.5420000,
  1175,           0.9811750,       -1298.5060000,
  1176,           0.9811760,       -1298.4700000,
  1177,           0.9811770,       -1298.4361000,
  1178,           0.9811780,       -1298.4010000,
  1179,           0.9811790,       -1298.3650000,
  1180,           0.9811800,       -1298.3300000,
  1181,           0.9811810,       -1298.2933000,
  1182,           0.9811820,       -1298.2610000,
  1183,           0.9811830,       -1298.2250000,
  1184,           0.9811840,       -1298.1890000,
  1185,           0.9811850,       -1298.1531000,
  1186,           0.9811860,       -1298.1190000,
  1187,           0.9811870,       -1298.0834000,
  1188,           0.9811880,       -1298.0482000,
  1189,           0.9811890,       -1298.0120000,
  1190,           0.9811900,       -1297.9761000,
  1191,           0.9811910,       -1297.9440000,
  1192,           0.9811920,       -1297.9070000,
  1193,           0.9811930,       -1297.8720000,
  1194,           0.9811940,       -1297.8353000,
  1195,           0.9811950,       -1297.8021000,
  1196,           0.9811960,       -1297.7670000,
  1197,           0.9811970,       -1297.7303000,
  1198,           0.9811980,       -1297.6944000,
  1199,           0.9811990,       -1297.6594000,
  1200,           0.9812000,       -1297.6250000,
  1201,           0.9812010,       -1297.5900000,
  1202,           0.9812020,       -1297.5541000,
  1203,           0.9812030,       -1297.5180000,
  1204,           0.9812040,       -1297.4850000,
  1205,           0.9812050,       -1297.4483000,
  1206,           0.9812060,       -1297.4130000,
  1207,           0.9812070,       -1297.3780000,
  1208,           0.9812080,       -1297.3414000,
  1209,           0.9812090,       -1297.3082000,
  1210,           0.9812100,       -1297.2720000,
  1211,           0.9812110,       -1297.2360000,
  1212,           0.9812120,       -1297.2000000,
  1213,           0.9812130,       -1297.1662000,
  1214,           0.9812140,       -1297.1310000,
  1215,           0.9812150,       -1297.0953000,
  1216,           0.9812160,       -1297.0581000,
  1217,           0.9812170,       -1297.0234000,
  1218,           0.9812180,       -1296.9900000,
  1219,           0.9812190,       -1296.9530000,
  1220,           0.9812200,       -1296.9182000,
  1221,           0.9812210,       -1296.8822000,
  1222,           0.9812220,       -1296.8490000,
  1223,           0.9812230,       -1296.8130000,
  1224,           0.9812240,       -1296.7770000,
  1225,           0.9812250,       -1296.7413000,
  1226,           0.9812260,       -1296.7070000,
  1227,           0.9812270,       -1296.6720000,
  1228,           0.9812280,       -1296.6362000,
  1229,           0.9812290,       -1296.6003000,
  1230,           0.9812300,       -1296.5640000,
  1231,           0.9812310,       -1296.5320000,
  1232,           0.9812320,       -1296.4950000,
  1233,           0.9812330,       -1296.4592000,
  1234,           0.9812340,       -1296.4240000,
  1235,           0.9812350,       -1296.3880000,
  1236,           0.9812360,       -1296.3550000,
  1237,           0.9812370,       -1296.3190000,
  1238,           0.9812380,       -1296.2830000,
  1239,           0.9812390,       -1296.2480000,
  1240,           0.9812400,       -1296.2140000,
  1241,           0.9812410,       -1296.1774000,
  1242,           0.9812420,       -1296.1433000,
  1243,           0.9812430,       -1296.1060000,
  1244,           0.9812440,       -1296.0710000,
  1245,           0.9812450,       -1296.0380000,
  1246,           0.9812460,       -1296.0020000,
  1247,           0.9812470,       -1295.9660000,
  1248,           0.9812480,       -1295.9304000,
  1249,           0.9812490,       -1295.8963000,
  1250,           0.9812500,       -1295.8610000,
  1251,           0.9812510,       -1295.8243000,
  1252,           0.9812520,       -1295.7890000,
  1253,           0.9812530,       -1295.7540000,
  1254,           0.9812540,       -1295.7202000,
  1255,           0.9812550,       -1295.6850000,
  1256,           0.9812560,       -1295.6490000,
  1257,           0.9812570,       -1295.6130000,
  1258,           0.9812580,       -1295.5800000,
  1259,           0.9812590,       -1295.5413000,
  1260,           0.9812600,       -1295.5063000,
  1261,           0.9812610,       -1295.4710000,
  1262,           0.9812620,       -1295.4350000,
  1263,           0.9812630,       -1295.4014000,
  1264,           0.9812640,       -1295.3670000,
  1265,           0.9812650,       -1295.3300000,
  1266,           0.9812660,       -1295.2940000,
  1267,           0.9812670,       -1295.2600000,
  1268,           0.9812680,       -1295.2243000,
  1269,           0.9812690,       -1295.1893000,
  1270,           0.9812700,       -1295.1530000,
  1271,           0.9812710,       -1295.1180000,
  1272,           0.9812720,       -1295.0850000,
  1273,           0.9812730,       -1295.0484000,
  1274,           0.9812740,       -1295.0130000,
  1275,           0.9812750,       -1294.9770000,
  1276,           0.9812760,       -1294.9440000,
  1277,           0.9812770,       -1294.9080000,
  1278,           0.9812780,       -1294.8720000,
  1279,           0.9812790,       -1294.8360000,
  1280,           0.9812800,       -1294.8010000,
  1281,           0.9812810,       -1294.7670000,
  1282,           0.9812820,       -1294.7320000,
  1283,           0.9812830,       -1294.6960000,
  1284,           0.9812840,       -1294.6590000,
  1285,           0.9812850,       -1294.6270000,
  1286,           0.9812860,       -1294.5894000,
  1287,           0.9812870,       -1294.5544000,
  1288,           0.9812880,       -1294.5192000,
  1289,           0.9812890,       -1294.4830000,
  1290,           0.9812900,       -1294.4493000,
  1291,           0.9812910,       -1294.4140000,
  1292,           0.9812920,       -1294.3782000,
  1293,           0.9812930,       -1294.3430000,
  1294,           0.9812940,       -1294.3084000,
  1295,           0.9812950,       -1294.2730000,
  1296,           0.9812960,       -1294.2380000,
  1297,           0.9812970,       -1294.2020000,
  1298,           0.9812980,       -1294.1661000,
  1299,           0.9812990,       -1294.1334000,
  1300,           0.9813000,       -1294.0970000,
  1301,           0.9813010,       -1294.0600000,
  1302,           0.9813020,       -1294.0230000,
  1303,           0.9813030,       -1293.9903000,
  1304,           0.9813040,       -1293.9560000,
  1305,           0.9813050,       -1293.9190000,
  1306,           0.9813060,       -1293.8830000,
  1307,           0.9813070,       -1293.8480000,
  1308,           0.9813080,       -1293.8132000,
  1309,           0.9813090,       -1293.7774000,
  1310,           0.9813100,       -1293.7423000,
  1311,           0.9813110,       -1293.7060000,
  1312,           0.9813120,       -1293.6740000,
  1313,           0.9813130,       -1293.6370000,
  1314,           0.9813140,       -1293.6021000,
  1315,           0.9813150,       -1293.5670000,
  1316,           0.9813160,       -1293.5320000,
  1317,           0.9813170,       -1293.4971000,
  1318,           0.9813180,       -1293.4602000,
  1319,           0.9813190,       -1293.4260000,
  1320,           0.9813200,       -1293.3891000,
  1321,           0.9813210,       -1293.3552000,
  1322,           0.9813220,       -1293.3203000,
  1323,           0.9813230,       -1293.2854000,
  1324,           0.9813240,       -1293.2481000,
  1325,           0.9813250,       -1293.2160000,
  1326,           0.9813260,       -1293.1793000,
  1327,           0.9813270,       -1293.1440000,
  1328,           0.9813280,       -1293.1090000,
  1329,           0.9813290,       -1293.0720000,
  1330,           0.9813300,       -1293.0400000,
  1331,           0.9813310,       -1293.0034000,
  1332,           0.9813320,       -1292.9670000,
  1333,           0.9813330,       -1292.9320000,
  1334,           0.9813340,       -1292.8980000,
  1335,           0.9813350,       -1292.8630000,
  1336,           0.9813360,       -1292.8270000,
  1337,           0.9813370,       -1292.7910000,
  1338,           0.9813380,       -1292.7550000,
  1339,           0.9813390,       -1292.7220000,
  1340,           0.9813400,       -1292.6854000,
  1341,           0.9813410,       -1292.6500000,
  1342,           0.9813420,       -1292.6160000,
  1343,           0.9813430,       -1292.5792000,
  1344,           0.9813440,       -1292.5452000,
  1345,           0.9813450,       -1292.5090000,
  1346,           0.9813460,       -1292.4732000,
  1347,           0.9813470,       -1292.4381000,
  1348,           0.9813480,       -1292.4033000,
  1349,           0.9813490,       -1292.3682000,
  1350,           0.9813500,       -1292.3330000,
  1351,           0.9813510,       -1292.2970000,
  1352,           0.9813520,       -1292.2630000,
  1353,           0.9813530,       -1292.2271000,
  1354,           0.9813540,       -1292.1911000,
  1355,           0.9813550,       -1292.1560000,
  1356,           0.9813560,       -1292.1200000,
  1357,           0.9813570,       -1292.0864000,
  1358,           0.9813580,       -1292.0510000,
  1359,           0.9813590,       -1292.0150000,
  1360,           0.9813600,       -1291.9793000,
  1361,           0.9813610,       -1291.9450000,
  1362,           0.9813620,       -1291.9090000,
  1363,           0.9813630,       -1291.8751000,
  1364,           0.9813640,       -1291.8380000,
  1365,           0.9813650,       -1291.8030000,
  1366,           0.9813660,       -1291.7700000,
  1367,           0.9813670,       -1291.7340000,
  1368,           0.9813680,       -1291.6990000,
  1369,           0.9813690,       -1291.6620000,
  1370,           0.9813700,       -1291.6291000,
  1371,           0.9813710,       -1291.5931000,
  1372,           0.9813720,       -1291.5571000,
  1373,           0.9813730,       -1291.5213000,
  1374,           0.9813740,       -1291.4870000,
  1375,           0.9813750,       -1291.4520000,
  1376,           0.9813760,       -1291.4170000,
  1377,           0.9813770,       -1291.3801000,
  1378,           0.9813780,       -1291.3450000,
  1379,           0.9813790,       -1291.3120000,
  1380,           0.9813800,       -1291.2751000,
  1381,           0.9813810,       -1291.2403000,
  1382,           0.9813820,       -1291.2050000,
  1383,           0.9813830,       -1291.1690000,
  1384,           0.9813840,       -1291.1350000,
  1385,           0.9813850,       -1291.0990000,
  1386,           0.9813860,       -1291.0630000,
  1387,           0.9813870,       -1291.0274000,
  1388,           0.9813880,       -1290.9932000,
  1389,           0.9813890,       -1290.9581000,
  1390,           0.9813900,       -1290.9240000,
  1391,           0.9813910,       -1290.8864000,
  1392,           0.9813920,       -1290.8504000,
  1393,           0.9813930,       -1290.8170000,
  1394,           0.9813940,       -1290.7814000,
  1395,           0.9813950,       -1290.7463000,
  1396,           0.9813960,       -1290.7093000,
  1397,           0.9813970,       -1290.6761000,
  1398,           0.9813980,       -1290.6400000,
  1399,           0.9813990,       -1290.6050000,
  1400,           0.9814000,       -1290.5693000,
  1401,           0.9814010,       -1290.5330000,
  1402,           0.9814020,       -1290.5001000,
  1403,           0.9814030,       -1290.4650000,
  1404,           0.9814040,       -1290.4284000,
  1405,           0.9814050,       -1290.3930000,
  1406,           0.9814060,       -1290.3590000,
  1407,           0.9814070,       -1290.3233000,
  1408,           0.9814080,       -1290.2880000,
  1409,           0.9814090,       -1290.2520000,
  1410,           0.9814100,       -1290.2170000,
  1411,           0.9814110,       -1290.1830000,
  1412,           0.9814120,       -1290.1470000,
  1413,           0.9814130,       -1290.1113000,
  1414,           0.9814140,       -1290.0770000,
  1415,           0.9814150,       -1290.0420000,
  1416,           0.9814160,       -1290.0073000,
  1417,           0.9814170,       -1289.9704000,
  1418,           0.9814180,       -1289.9354000,
  1419,           0.9814190,       -1289.9010000,
  1420,           0.9814200,       -1289.8651000,
  1421,           0.9814210,       -1289.8310000,
  1422,           0.9814220,       -1289.7940000,
  1423,           0.9814230,       -1289.7590000,
  1424,           0.9814240,       -1289.7252000,
  1425,           0.9814250,       -1289.6890000,
  1426,           0.9814260,       -1289.6540000,
  1427,           0.9814270,       -1289.6190000,
  1428,           0.9814280,       -1289.5820000,
  1429,           0.9814290,       -1289.5482000,
  1430,           0.9814300,       -1289.5114000,
  1431,           0.9814310,       -1289.4764000,
  1432,           0.9814320,       -1289.4410000,
  1433,           0.9814330,       -1289.4070000,
  1434,           0.9814340,       -1289.3714000,
  1435,           0.9814350,       -1289.3370000,
  1436,           0.9814360,       -1289.3000000,
  1437,           0.9814370,       -1289.2650000,
  1438,           0.9814380,       -1289.2310000,
  1439,           0.9814390,       -1289.1950000,
  1440,           0.9814400,       -1289.1600000,
  1441,           0.9814410,       -1289.1231000,
  1442,           0.9814420,       -1289.0910000,
  1443,           0.9814430,       -1289.0551000,
  1444,           0.9814440,       -1289.0191000,
  1445,           0.9814450,       -1288.9831000,
  1446,           0.9814460,       -1288.9471000,
  1447,           0.9814470,       -1288.9144000,
  1448,           0.9814480,       -1288.8784000,
  1449,           0.9814490,       -1288.8430000,
  1450,           0.9814500,       -1288.8072000,
  1451,           0.9814510,       -1288.7734000,
  1452,           0.9814520,       -1288.7371000,
  1453,           0.9814530,       -1288.7020000,
  1454,           0.9814540,       -1288.6660000,
  1455,           0.9814550,       -1288.6301000,
  1456,           0.9814560,       -1288.5980000,
  1457,           0.9814570,       -1288.5612000,
  1458,           0.9814580,       -1288.5260000,
  1459,           0.9814590,       -1288.4910000,
  1460,           0.9814600,       -1288.4554000,
  1461,           0.9814610,       -1288.4220000,
  1462,           0.9814620,       -1288.3850000,
  1463,           0.9814630,       -1288.3500000,
  1464,           0.9814640,       -1288.3140000,
  1465,           0.9814650,       -1288.2800000,
  1466,           0.9814660,       -1288.2450000,
  1467,           0.9814670,       -1288.2080000,
  1468,           0.9814680,       -1288.1733000,
  1469,           0.9814690,       -1288.1400000,
  1470,           0.9814700,       -1288.1020000,
  1471,           0.9814710,       -1288.0672000,
  1472,           0.9814720,       -1288.0320000,
  1473,           0.9814730,       -1287.9960000,
  1474,           0.9814740,       -1287.9622000,
  1475,           0.9814750,       -1287.9262000,
  1476,           0.9814760,       -1287.8912000,
  1477,           0.9814770,       -1287.8552000,
  1478,           0.9814780,       -1287.8214000,
  1479,           0.9814790,       -1287.7864000,
  1480,           0.9814800,       -1287.7510000,
  1481,           0.9814810,       -1287.7141000,
  1482,           0.9814820,       -1287.6794000,
  1483,           0.9814830,       -1287.6460000,
  1484,           0.9814840,       -1287.6101000,
  1485,           0.9814850,       -1287.5750000,
  1486,           0.9814860,       -1287.5380000,
  1487,           0.9814870,       -1287.5050000,
  1488,           0.9814880,       -1287.4700000,
  1489,           0.9814890,       -1287.4330000,
  1490,           0.9814900,       -1287.3981000,
  1491,           0.9814910,       -1287.3612000,
  1492,           0.9814920,       -1287.3290000,
  1493,           0.9814930,       -1287.2930000,
  1494,           0.9814940,       -1287.2564000,
  1495,           0.9814950,       -1287.2221000,
  1496,           0.9814960,       -1287.1871000,
  1497,           0.9814970,       -1287.1524000,
  1498,           0.9814980,       -1287.1170000,
  1499,           0.9814990,       -1287.0810000,
  1500,           0.9815000,       -1287.0450000,
  1501,           0.9815010,       -1287.0120000,
  1502,           0.9815020,       -1286.9760000,
  1503,           0.9815030,       -1286.9403000,
  1504,           0.9815040,       -1286.9040000,
  1505,           0.9815050,       -1286.8710000,
  1506,           0.9815060,       -1286.8360000,
  1507,           0.9815070,       -1286.7993000,
  1508,           0.9815080,       -1286.7640000,
  1509,           0.9815090,       -1286.7310000,
  1510,           0.9815100,       -1286.6944000,
  1511,           0.9815110,       -1286.6590000,
  1512,           0.9815120,       -1286.6221000,
  1513,           0.9815130,       -1286.5863000,
  1514,           0.9815140,       -1286.5544000,
  1515,           0.9815150,       -1286.5170000,
  1516,           0.9815160,       -1286.4820000,
  1517,           0.9815170,       -1286.4462000,
  1518,           0.9815180,       -1286.4120000,
  1519,           0.9815190,       -1286.3770000,
  1520,           0.9815200,       -1286.3410000,
  1521,           0.9815210,       -1286.3060000,
  1522,           0.9815220,       -1286.2700000,
  1523,           0.9815230,       -1286.2360000,
  1524,           0.9815240,       -1286.2020000,
  1525,           0.9815250,       -1286.1660000,
  1526,           0.9815260,       -1286.1300000,
  1527,           0.9815270,       -1286.0970000,
  1528,           0.9815280,       -1286.0600000,
  1529,           0.9815290,       -1286.0250000,
  1530,           0.9815300,       -1285.9900000,
  1531,           0.9815310,       -1285.9533000,
  1532,           0.9815320,       -1285.9210000,
  1533,           0.9815330,       -1285.8840000,
  1534,           0.9815340,       -1285.8480000,
  1535,           0.9815350,       -1285.8131000,
  1536,           0.9815360,       -1285.7800000,
  1537,           0.9815370,       -1285.7432000,
  1538,           0.9815380,       -1285.7090000,
  1539,           0.9815390,       -1285.6720000,
  1540,           0.9815400,       -1285.6361000,
  1541,           0.9815410,       -1285.6022000,
  1542,           0.9815420,       -1285.5671000,
  1543,           0.9815430,       -1285.5323000,
  1544,           0.9815440,       -1285.4960000,
  1545,           0.9815450,       -1285.4630000,
  1546,           0.9815460,       -1285.4274000,
  1547,           0.9815470,       -1285.3910000,
  1548,           0.9815480,       -1285.3560000,
  1549,           0.9815490,       -1285.3190000,
  1550,           0.9815500,       -1285.2862000,
  1551,           0.9815510,       -1285.2510000,
  1552,           0.9815520,       -1285.2142000,
  1553,           0.9815530,       -1285.1790000,
  1554,           0.9815540,       -1285.1450000,
  1555,           0.9815550,       -1285.1091000,
  1556,           0.9815560,       -1285.0740000,
  1557,           0.9815570,       -1285.0363000,
  1558,           0.9815580,       -1285.0023000,
  1559,           0.9815590,       -1284.9690000,
  1560,           0.9815600,       -1284.9330000,
  1561,           0.9815610,       -1284.8980000,
  1562,           0.9815620,       -1284.8610000,
  1563,           0.9815630,       -1284.8281000,
  1564,           0.9815640,       -1284.7930000,
  1565,           0.9815650,       -1284.7572000,
  1566,           0.9815660,       -1284.7204000,
  1567,           0.9815670,       -1284.6860000,
  1568,           0.9815680,       -1284.6520000,
  1569,           0.9815690,       -1284.6170000,
  1570,           0.9815700,       -1284.5800000,
  1571,           0.9815710,       -1284.5451000,
  1572,           0.9815720,       -1284.5120000,
  1573,           0.9815730,       -1284.4761000,
  1574,           0.9815740,       -1284.4410000,
  1575,           0.9815750,       -1284.4040000,
  1576,           0.9815760,       -1284.3690000,
  1577,           0.9815770,       -1284.3354000,
  1578,           0.9815780,       -1284.3000000,
  1579,           0.9815790,       -1284.2633000,
  1580,           0.9815800,       -1284.2291000,
  1581,           0.9815810,       -1284.1940000,
  1582,           0.9815820,       -1284.1591000,
  1583,           0.9815830,       -1284.1230000,
  1584,           0.9815840,       -1284.0874000,
  1585,           0.9815850,       -1284.0524000,
  1586,           0.9815860,       -1284.0183000,
  1587,           0.9815870,       -1283.9822000,
  1588,           0.9815880,       -1283.9461000,
  1589,           0.9815890,       -1283.9114000,
  1590,           0.9815900,       -1283.8784000,
  1591,           0.9815910,       -1283.8420000,
  1592,           0.9815920,       -1283.8070000,
  1593,           0.9815930,       -1283.7720000,
  1594,           0.9815940,       -1283.7350000,
  1595,           0.9815950,       -1283.7030000,
  1596,           0.9815960,       -1283.6650000,
  1597,           0.9815970,       -1283.6300000,
  1598,           0.9815980,       -1283.5944000,
  1599,           0.9815990,       -1283.5600000,
  1600,           0.9816000,       -1283.5250000,
  1601,           0.9816010,       -1283.4892000,
  1602,           0.9816020,       -1283.4530000,
  1603,           0.9816030,       -1283.4182000,
  1604,           0.9816040,       -1283.3840000,
  1605,           0.9816050,       -1283.3490000,
  1606,           0.9816060,       -1283.3134000,
  1607,           0.9816070,       -1283.2780000,
  1608,           0.9816080,       -1283.2450000,
  1609,           0.9816090,       -1283.2073000,
  1610,           0.9816100,       -1283.1730000,
  1611,           0.9816110,       -1283.1372000,
  1612,           0.9816120,       -1283.1013000,
  1613,           0.9816130,       -1283.0680000,
  1614,           0.9816140,       -1283.0320000,
  1615,           0.9816150,       -1282.9963000,
  1616,           0.9816160,       -1282.9610000,
  1617,           0.9816170,       -1282.9272000,
  1618,           0.9816180,       -1282.8920000,
  1619,           0.9816190,       -1282.8560000,
  1620,           0.9816200,       -1282.8203000,
  1621,           0.9816210,       -1282.7850000,
  1622,           0.9816220,       -1282.7510000,
  1623,           0.9816230,       -1282.7153000,
  1624,           0.9816240,       -1282.6800000,
  1625,           0.9816250,       -1282.6442000,
  1626,           0.9816260,       -1282.6104000,
  1627,           0.9816270,       -1282.5751000,
  1628,           0.9816280,       -1282.5390000,
  1629,           0.9816290,       -1282.5040000,
  1630,           0.9816300,       -1282.4672000,
  1631,           0.9816310,       -1282.4340000,
  1632,           0.9816320,       -1282.4000000,
  1633,           0.9816330,       -1282.3630000,
  1634,           0.9816340,       -1282.3270000,
  1635,           0.9816350,       -1282.2940000,
  1636,           0.9816360,       -1282.2580000,
  1637,           0.9816370,       -1282.2230000,
  1638,           0.9816380,       -1282.1860000,
  1639,           0.9816390,       -1282.1503000,
  1640,           0.9816400,       -1282.1180000,
  1641,           0.9816410,       -1282.0811000,
  1642,           0.9816420,       -1282.0470000,
  1643,           0.9816430,       -1282.0093000,
  1644,           0.9816440,       -1281.9770000,
  1645,           0.9816450,       -1281.9420000,
  1646,           0.9816460,       -1281.9050000,
  1647,           0.9816470,       -1281.8704000,
  1648,           0.9816480,       -1281.8350000,
  1649,           0.9816490,       -1281.8000000,
  1650,           0.9816500,       -1281.7651000,
  1651,           0.9816510,       -1281.7290000,
  1652,           0.9816520,       -1281.6940000,
  1653,           0.9816530,       -1281.6610000,
  1654,           0.9816540,       -1281.6234000,
  1655,           0.9816550,       -1281.5891000,
  1656,           0.9816560,       -1281.5524000,
  1657,           0.9816570,       -1281.5180000,
  1658,           0.9816580,       -1281.4850000,
  1659,           0.9816590,       -1281.4482000,
  1660,           0.9816600,       -1281.4132000,
  1661,           0.9816610,       -1281.3780000,
  1662,           0.9816620,       -1281.3430000,
  1663,           0.9816630,       -1281.3081000,
  1664,           0.9816640,       -1281.2712000,
  1665,           0.9816650,       -1281.2370000,
  1666,           0.9816660,       -1281.2010000,
  1667,           0.9816670,       -1281.1670000,
  1668,           0.9816680,       -1281.1314000,
  1669,           0.9816690,       -1281.0960000,
  1670,           0.9816700,       -1281.0610000,
  1671,           0.9816710,       -1281.0273000,
  1672,           0.9816720,       -1280.9910000,
  1673,           0.9816730,       -1280.9564000,
  1674,           0.9816740,       -1280.9210000,
  1675,           0.9816750,       -1280.8841000,
  1676,           0.9816760,       -1280.8513000,
  1677,           0.9816770,       -1280.8150000,
  1678,           0.9816780,       -1280.7801000,
  1679,           0.9816790,       -1280.7442000,
  1680,           0.9816800,       -1280.7091000,
  1681,           0.9816810,       -1280.6750000,
  1682,           0.9816820,       -1280.6380000,
  1683,           0.9816830,       -1280.6032000,
  1684,           0.9816840,       -1280.5680000,
  1685,           0.9816850,       -1280.5333000,
  1686,           0.9816860,       -1280.4990000,
  1687,           0.9816870,       -1280.4622000,
  1688,           0.9816880,       -1280.4272000,
  1689,           0.9816890,       -1280.3940000,
  1690,           0.9816900,       -1280.3570000,
  1691,           0.9816910,       -1280.3221000,
  1692,           0.9816920,       -1280.2870000,
  1693,           0.9816930,       -1280.2502000,
  1694,           0.9816940,       -1280.2170000,
  1695,           0.9816950,       -1280.1810000,
  1696,           0.9816960,       -1280.1461000,
  1697,           0.9816970,       -1280.1103000,
  1698,           0.9816980,       -1280.0762000,
  1699,           0.9816990,       -1280.0420000,
  1700,           0.9817000,       -1280.0043000,
  1701,           0.9817010,       -1279.9700000,
  1702,           0.9817020,       -1279.9344000,
  1703,           0.9817030,       -1279.9000000,
  1704,           0.9817040,       -1279.8650000,
  1705,           0.9817050,       -1279.8294000,
  1706,           0.9817060,       -1279.7934000,
  1707,           0.9817070,       -1279.7604000,
  1708,           0.9817080,       -1279.7240000,
  1709,           0.9817090,       -1279.6890000,
  1710,           0.9817100,       -1279.6540000,
  1711,           0.9817110,       -1279.6192000,
  1712,           0.9817120,       -1279.5843000,
  1713,           0.9817130,       -1279.5480000,
  1714,           0.9817140,       -1279.5134000,
  1715,           0.9817150,       -1279.4774000,
  1716,           0.9817160,       -1279.4430000,
  1717,           0.9817170,       -1279.4082000,
  1718,           0.9817180,       -1279.3730000,
  1719,           0.9817190,       -1279.3370000,
  1720,           0.9817200,       -1279.3033000,
  1721,           0.9817210,       -1279.2674000,
  1722,           0.9817220,       -1279.2313000,
  1723,           0.9817230,       -1279.1961000,
  1724,           0.9817240,       -1279.1600000,
  1725,           0.9817250,       -1279.1271000,
  1726,           0.9817260,       -1279.0902000,
  1727,           0.9817270,       -1279.0560000,
  1728,           0.9817280,       -1279.0200000,
  1729,           0.9817290,       -1278.9852000,
  1730,           0.9817300,       -1278.9511000,
  1731,           0.9817310,       -1278.9141000,
  1732,           0.9817320,       -1278.8800000,
  1733,           0.9817330,       -1278.8440000,
  1734,           0.9817340,       -1278.8100000,
  1735,           0.9817350,       -1278.7750000,
  1736,           0.9817360,       -1278.7400000,
  1737,           0.9817370,       -1278.7030000,
  1738,           0.9817380,       -1278.6701000,
  1739,           0.9817390,       -1278.6340000,
  1740,           0.9817400,       -1278.5990000,
  1741,           0.9817410,       -1278.5631000,
  1742,           0.9817420,       -1278.5273000,
  1743,           0.9817430,       -1278.4940000,
  1744,           0.9817440,       -1278.4571000,
  1745,           0.9817450,       -1278.4222000,
  1746,           0.9817460,       -1278.3872000,
  1747,           0.9817470,       -1278.3532000,
  1748,           0.9817480,       -1278.3180000,
  1749,           0.9817490,       -1278.2830000,
  1750,           0.9817500,       -1278.2464000,
  1751,           0.9817510,       -1278.2113000,
  1752,           0.9817520,       -1278.1772000,
  1753,           0.9817530,       -1278.1422000,
  1754,           0.9817540,       -1278.1070000,
  1755,           0.9817550,       -1278.0710000,
  1756,           0.9817560,       -1278.0380000,
  1757,           0.9817570,       -1278.0010000,
  1758,           0.9817580,       -1277.9663000,
  1759,           0.9817590,       -1277.9310000,
  1760,           0.9817600,       -1277.8950000,
  1761,           0.9817610,       -1277.8613000,
  1762,           0.9817620,       -1277.8253000,
  1763,           0.9817630,       -1277.7900000,
  1764,           0.9817640,       -1277.7542000,
  1765,           0.9817650,       -1277.7200000,
  1766,           0.9817660,       -1277.6851000,
  1767,           0.9817670,       -1277.6492000,
  1768,           0.9817680,       -1277.6130000,
  1769,           0.9817690,       -1277.5782000,
  1770,           0.9817700,       -1277.5440000,
  1771,           0.9817710,       -1277.5090000,
  1772,           0.9817720,       -1277.4730000,
  1773,           0.9817730,       -1277.4370000,
  1774,           0.9817740,       -1277.4041000,
  1775,           0.9817750,       -1277.3680000,
  1776,           0.9817760,       -1277.3330000,
  1777,           0.9817770,       -1277.2980000,
  1778,           0.9817780,       -1277.2610000,
  1779,           0.9817790,       -1277.2290000,
  1780,           0.9817800,       -1277.1912000,
  1781,           0.9817810,       -1277.1564000,
  1782,           0.9817820,       -1277.1220000,
  1783,           0.9817830,       -1277.0874000,
  1784,           0.9817840,       -1277.0530000,
  1785,           0.9817850,       -1277.0170000,
  1786,           0.9817860,       -1276.9800000,
  1787,           0.9817870,       -1276.9453000,
  1788,           0.9817880,       -1276.9112000,
  1789,           0.9817890,       -1276.8760000,
  1790,           0.9817900,       -1276.8410000,
  1791,           0.9817910,       -1276.8040000,
  1792,           0.9817920,       -1276.7714000,
  1793,           0.9817930,       -1276.7350000,
  1794,           0.9817940,       -1276.7000000,
  1795,           0.9817950,       -1276.6650000,
  1796,           0.9817960,       -1276.6284000,
  1797,           0.9817970,       -1276.5950000,
  1798,           0.9817980,       -1276.5592000,
  1799,           0.9817990,       -1276.5240000,
  1800,           0.9818000,       -1276.4890000,
  1801,           0.9818010,       -1276.4550000,
  1802,           0.9818020,       -1276.4190000,
  1803,           0.9818030,       -1276.3850000,
  1804,           0.9818040,       -1276.3480000,
  1805,           0.9818050,       -1276.3122000,
  1806,           0.9818060,       -1276.2784000,
  1807,           0.9818070,       -1276.2431000,
  1808,           0.9818080,       -1276.2084000,
  1809,           0.9818090,       -1276.1712000,
  1810,           0.9818100,       -1276.1383000,
  1811,           0.9818110,       -1276.1021000,
  1812,           0.9818120,       -1276.0662000,
  1813,           0.9818130,       -1276.0311000,
  1814,           0.9818140,       -1275.9950000,
  1815,           0.9818150,       -1275.9620000,
  1816,           0.9818160,       -1275.9260000,
  1817,           0.9818170,       -1275.8910000,
  1818,           0.9818180,       -1275.8553000,
  1819,           0.9818190,       -1275.8220000,
  1820,           0.9818200,       -1275.7860000,
  1821,           0.9818210,       -1275.7513000,
  1822,           0.9818220,       -1275.7152000,
  1823,           0.9818230,       -1275.6790000,
  1824,           0.9818240,       -1275.6460000,
  1825,           0.9818250,       -1275.6104000,
  1826,           0.9818260,       -1275.5753000,
  1827,           0.9818270,       -1275.5390000,
  1828,           0.9818280,       -1275.5060000,
  1829,           0.9818290,       -1275.4693000,
  1830,           0.9818300,       -1275.4350000,
  1831,           0.9818310,       -1275.3990000,
  1832,           0.9818320,       -1275.3632000,
  1833,           0.9818330,       -1275.3300000,
  1834,           0.9818340,       -1275.2930000,
  1835,           0.9818350,       -1275.2580000,
  1836,           0.9818360,       -1275.2233000,
  1837,           0.9818370,       -1275.1884000,
  1838,           0.9818380,       -1275.1540000,
  1839,           0.9818390,       -1275.1190000,
  1840,           0.9818400,       -1275.0830000,
  1841,           0.9818410,       -1275.0474000,
  1842,           0.9818420,       -1275.0120000,
  1843,           0.9818430,       -1274.9782000,
  1844,           0.9818440,       -1274.9430000,
  1845,           0.9818450,       -1274.9061000,
  1846,           0.9818460,       -1274.8730000,
  1847,           0.9818470,       -1274.8370000,
  1848,           0.9818480,       -1274.8020000,
  1849,           0.9818490,       -1274.7660000,
  1850,           0.9818500,       -1274.7293000,
  1851,           0.9818510,       -1274.6973000,
  1852,           0.9818520,       -1274.6610000,
  1853,           0.9818530,       -1274.6250000,
  1854,           0.9818540,       -1274.5910000,
  1855,           0.9818550,       -1274.5560000,
  1856,           0.9818560,       -1274.5210000,
  1857,           0.9818570,       -1274.4842000,
  1858,           0.9818580,       -1274.4493000,
  1859,           0.9818590,       -1274.4150000,
  1860,           0.9818600,       -1274.3800000,
  1861,           0.9818610,       -1274.3450000,
  1862,           0.9818620,       -1274.3110000,
  1863,           0.9818630,       -1274.2733000,
  1864,           0.9818640,       -1274.2403000,
  1865,           0.9818650,       -1274.2044000,
  1866,           0.9818660,       -1274.1691000,
  1867,           0.9818670,       -1274.1343000,
  1868,           0.9818680,       -1274.0974000,
  1869,           0.9818690,       -1274.0650000,
  1870,           0.9818700,       -1274.0284000,
  1871,           0.9818710,       -1273.9931000,
  1872,           0.9818720,       -1273.9580000,
  1873,           0.9818730,       -1273.9241000,
  1874,           0.9818740,       -1273.8890000,
  1875,           0.9818750,       -1273.8530000,
  1876,           0.9818760,       -1273.8180000,
  1877,           0.9818770,       -1273.7823000,
  1878,           0.9818780,       -1273.7480000,
  1879,           0.9818790,       -1273.7130000,
  1880,           0.9818800,       -1273.6770000,
  1881,           0.9818810,       -1273.6413000,
  1882,           0.9818820,       -1273.6083000,
  1883,           0.9818830,       -1273.5720000,
  1884,           0.9818840,       -1273.5370000,
  1885,           0.9818850,       -1273.5020000,
  1886,           0.9818860,       -1273.4660000,
  1887,           0.9818870,       -1273.4330000,
  1888,           0.9818880,       -1273.3960000,
  1889,           0.9818890,       -1273.3604000,
  1890,           0.9818900,       -1273.3253000,
  1891,           0.9818910,       -1273.2913000,
  1892,           0.9818920,       -1273.2563000,
  1893,           0.9818930,       -1273.2200000,
  1894,           0.9818940,       -1273.1844000,
  1895,           0.9818950,       -1273.1500000,
  1896,           0.9818960,       -1273.1160000,
  1897,           0.9818970,       -1273.0802000,
  1898,           0.9818980,       -1273.0440000,
  1899,           0.9818990,       -1273.0090000,
  1900,           0.9819000,       -1272.9760000,
  1901,           0.9819010,       -1272.9392000,
  1902,           0.9819020,       -1272.9040000,
  1903,           0.9819030,       -1272.8680000,
  1904,           0.9819040,       -1272.8350000,
  1905,           0.9819050,       -1272.7994000,
  1906,           0.9819060,       -1272.7630000,
  1907,           0.9819070,       -1272.7282000,
  1908,           0.9819080,       -1272.6922000,
  1909,           0.9819090,       -1272.6591000,
  1910,           0.9819100,       -1272.6240000,
  1911,           0.9819110,       -1272.5880000,
  1912,           0.9819120,       -1272.5524000,
  1913,           0.9819130,       -1272.5180000,
  1914,           0.9819140,       -1272.4833000,
  1915,           0.9819150,       -1272.4483000,
  1916,           0.9819160,       -1272.4113000,
  1917,           0.9819170,       -1272.3770000,
  1918,           0.9819180,       -1272.3433000,
  1919,           0.9819190,       -1272.3070000,
  1920,           0.9819200,       -1272.2730000,
  1921,           0.9819210,       -1272.2360000,
  1922,           0.9819220,       -1272.2032000,
  1923,           0.9819230,       -1272.1680000,
  1924,           0.9819240,       -1272.1312000,
  1925,           0.9819250,       -1272.0970000,
  1926,           0.9819260,       -1272.0600000,
  1927,           0.9819270,       -1272.0272000,
  1928,           0.9819280,       -1271.9920000,
  1929,           0.9819290,       -1271.9560000,
  1930,           0.9819300,       -1271.9194000,
  1931,           0.9819310,       -1271.8864000,
  1932,           0.9819320,       -1271.8510000,
  1933,           0.9819330,       -1271.8160000,
  1934,           0.9819340,       -1271.7790000,
  1935,           0.9819350,       -1271.7440000,
  1936,           0.9819360,       -1271.7100000,
  1937,           0.9819370,       -1271.6750000,
  1938,           0.9819380,       -1271.6400000,
  1939,           0.9819390,       -1271.6031000,
  1940,           0.9819400,       -1271.5710000,
  1941,           0.9819410,       -1271.5340000,
  1942,           0.9819420,       -1271.5000000,
  1943,           0.9819430,       -1271.4640000,
  1944,           0.9819440,       -1271.4280000,
  1945,           0.9819450,       -1271.3950000,
  1946,           0.9819460,       -1271.3600000,
  1947,           0.9819470,       -1271.3231000,
  1948,           0.9819480,       -1271.2882000,
  1949,           0.9819490,       -1271.2540000,
  1950,           0.9819500,       -1271.2193000,
  1951,           0.9819510,       -1271.1840000,
  1952,           0.9819520,       -1271.1473000,
  1953,           0.9819530,       -1271.1130000,
  1954,           0.9819540,       -1271.0780000,
  1955,           0.9819550,       -1271.0430000,
  1956,           0.9819560,       -1271.0080000,
  1957,           0.9819570,       -1270.9720000,
  1958,           0.9819580,       -1270.9383000,
  1959,           0.9819590,       -1270.9030000,
  1960,           0.9819600,       -1270.8670000,
  1961,           0.9819610,       -1270.8330000,
  1962,           0.9819620,       -1270.7960000,
  1963,           0.9819630,       -1270.7630000,
  1964,           0.9819640,       -1270.7270000,
  1965,           0.9819650,       -1270.6914000,
  1966,           0.9819660,       -1270.6560000,
  1967,           0.9819670,       -1270.6220000,
  1968,           0.9819680,       -1270.5872000,
  1969,           0.9819690,       -1270.5510000,
  1970,           0.9819700,       -1270.5160000,
  1971,           0.9819710,       -1270.4804000,
  1972,           0.9819720,       -1270.4460000,
  1973,           0.9819730,       -1270.4110000,
  1974,           0.9819740,       -1270.3740000,
  1975,           0.9819750,       -1270.3393000,
  1976,           0.9819760,       -1270.3070000,
  1977,           0.9819770,       -1270.2700000,
  1978,           0.9819780,       -1270.2350000,
  1979,           0.9819790,       -1270.1990000,
  1980,           0.9819800,       -1270.1640000,
  1981,           0.9819810,       -1270.1312000,
  1982,           0.9819820,       -1270.0950000,
  1983,           0.9819830,       -1270.0593000,
  1984,           0.9819840,       -1270.0244000,
  1985,           0.9819850,       -1269.9900000,
  1986,           0.9819860,       -1269.9550000,
  1987,           0.9819870,       -1269.9190000,
  1988,           0.9819880,       -1269.8831000,
  1989,           0.9819890,       -1269.8490000,
  1990,           0.9819900,       -1269.8144000,
  1991,           0.9819910,       -1269.7790000,
  1992,           0.9819920,       -1269.7430000,
  1993,           0.9819930,       -1269.7080000,
  1994,           0.9819940,       -1269.6750000,
  1995,           0.9819950,       -1269.6390000,
  1996,           0.9819960,       -1269.6032000,
  1997,           0.9819970,       -1269.5670000,
  1998,           0.9819980,       -1269.5330000,
  1999,           0.9819990,       -1269.4991000,
  2000,           0.9820000,       -1269.4624000,
  2001,           0.9820010,       -1269.4280000,
  2002,           0.9820020,       -1269.3913000,
  2003,           0.9820030,       -1269.3580000,
  2004,           0.9820040,       -1269.3240000,
  2005,           0.9820050,       -1269.2870000,
  2006,           0.9820060,       -1269.2520000,
  2007,           0.9820070,       -1269.2160000,
  2008,           0.9820080,       -1269.1830000,
  2009,           0.9820090,       -1269.1480000,
  2010,           0.9820100,       -1269.1114000,
  2011,           0.9820110,       -1269.0760000,
  2012,           0.9820120,       -1269.0423000,
  2013,           0.9820130,       -1269.0070000,
  2014,           0.9820140,       -1268.9713000,
  2015,           0.9820150,       -1268.9360000,
  2016,           0.9820160,       -1268.9000000,
  2017,           0.9820170,       -1268.8660000,
  2018,           0.9820180,       -1268.8310000,
  2019,           0.9820190,       -1268.7960000,
  2020,           0.9820200,       -1268.7591000,
  2021,           0.9820210,       -1268.7263000,
  2022,           0.9820220,       -1268.6903000,
  2023,           0.9820230,       -1268.6550000,
  2024,           0.9820240,       -1268.6200000,
  2025,           0.9820250,       -1268.5833000,
  2026,           0.9820260,       -1268.5510000,
  2027,           0.9820270,       -1268.5150000,
  2028,           0.9820280,       -1268.4794000,
  2029,           0.9820290,       -1268.4444000,
  2030,           0.9820300,       -1268.4100000,
  2031,           0.9820310,       -1268.3750000,
  2032,           0.9820320,       -1268.3390000,
  2033,           0.9820330,       -1268.3040000,
  2034,           0.9820340,       -1268.2680000,
  2035,           0.9820350,       -1268.2350000,
  2036,           0.9820360,       -1268.1994000,
  2037,           0.9820370,       -1268.1640000,
  2038,           0.9820380,       -1268.1280000,
  2039,           0.9820390,       -1268.0950000,
  2040,           0.9820400,       -1268.0582000,
  2041,           0.9820410,       -1268.0240000,
  2042,           0.9820420,       -1267.9881000,
  2043,           0.9820430,       -1267.9520000,
  2044,           0.9820440,       -1267.9194000,
  2045,           0.9820450,       -1267.8830000,
  2046,           0.9820460,       -1267.8472000,
  2047,           0.9820470,       -1267.8130000,
  2048,           0.9820480,       -1267.7790000,
  2049,           0.9820490,       -1267.7430000,
  2050,           0.9820500,       -1267.7072000,
  2051,           0.9820510,       -1267.6720000,
  2052,           0.9820520,       -1267.6370000,
  2053,           0.9820530,       -1267.6040000,
  2054,           0.9820540,       -1267.5680000,
  2055,           0.9820550,       -1267.5314000,
  2056,           0.9820560,       -1267.4960000,
  2057,           0.9820570,       -1267.4630000,
  2058,           0.9820580,       -1267.4261000,
  2059,           0.9820590,       -1267.3920000,
  2060,           0.9820600,       -1267.3550000,
  2061,           0.9820610,       -1267.3210000,
  2062,           0.9820620,       -1267.2874000,
  2063,           0.9820630,       -1267.2513000,
  2064,           0.9820640,       -1267.2164000,
  2065,           0.9820650,       -1267.1800000,
  2066,           0.9820660,       -1267.1470000,
  2067,           0.9820670,       -1267.1120000,
  2068,           0.9820680,       -1267.0754000,
  2069,           0.9820690,       -1267.0400000,
  2070,           0.9820700,       -1267.0043000,
  2071,           0.9820710,       -1266.9714000,
  2072,           0.9820720,       -1266.9360000,
  2073,           0.9820730,       -1266.9001000,
  2074,           0.9820740,       -1266.8650000,
  2075,           0.9820750,       -1266.8304000,
  2076,           0.9820760,       -1266.7960000,
  2077,           0.9820770,       -1266.7610000,
  2078,           0.9820780,       -1266.7240000,
  2079,           0.9820790,       -1266.6900000,
  2080,           0.9820800,       -1266.6550000,
  2081,           0.9820810,       -1266.6192000,
  2082,           0.9820820,       -1266.5850000,
  2083,           0.9820830,       -1266.5482000,
  2084,           0.9820840,       -1266.5150000,
  2085,           0.9820850,       -1266.4791000,
  2086,           0.9820860,       -1266.4442000,
  2087,           0.9820870,       -1266.4090000,
  2088,           0.9820880,       -1266.3730000,
  2089,           0.9820890,       -1266.3403000,
  2090,           0.9820900,       -1266.3032000,
  2091,           0.9820910,       -1266.2690000,
  2092,           0.9820920,       -1266.2340000,
  2093,           0.9820930,       -1266.1992000,
  2094,           0.9820940,       -1266.1650000,
  2095,           0.9820950,       -1266.1284000,
  2096,           0.9820960,       -1266.0930000,
  2097,           0.9820970,       -1266.0574000,
  2098,           0.9820980,       -1266.0231000,
  2099,           0.9820990,       -1265.9880000,
  2100,           0.9821000,       -1265.9530000,
  2101,           0.9821010,       -1265.9170000,
  2102,           0.9821020,       -1265.8840000,
  2103,           0.9821030,       -1265.8480000,
  2104,           0.9821040,       -1265.8130000,
  2105,           0.9821050,       -1265.7763000,
  2106,           0.9821060,       -1265.7440000,
  2107,           0.9821070,       -1265.7083000,
  2108,           0.9821080,       -1265.6724000,
  2109,           0.9821090,       -1265.6370000,
  2110,           0.9821100,       -1265.6010000,
  2111,           0.9821110,       -1265.5680000,
  2112,           0.9821120,       -1265.5330000,
  2113,           0.9821130,       -1265.4970000,
  2114,           0.9821140,       -1265.4620000,
  2115,           0.9821150,       -1265.4280000,
  2116,           0.9821160,       -1265.3930000,
  2117,           0.9821170,       -1265.3581000,
  2118,           0.9821180,       -1265.3210000,
  2119,           0.9821190,       -1265.2854000,
  2120,           0.9821200,       -1265.2521000,
  2121,           0.9821210,       -1265.2172000,
  2122,           0.9821220,       -1265.1820000,
  2123,           0.9821230,       -1265.1460000,
  2124,           0.9821240,       -1265.1130000,
  2125,           0.9821250,       -1265.0762000,
  2126,           0.9821260,       -1265.0420000,
  2127,           0.9821270,       -1265.0060000,
  2128,           0.9821280,       -1264.9700000,
  2129,           0.9821290,       -1264.9370000,
  2130,           0.9821300,       -1264.9010000,
  2131,           0.9821310,       -1264.8650000,
  2132,           0.9821320,       -1264.8310000,
  2133,           0.9821330,       -1264.7962000,
  2134,           0.9821340,       -1264.7613000,
  2135,           0.9821350,       -1264.7260000,
  2136,           0.9821360,       -1264.6904000,
  2137,           0.9821370,       -1264.6542000,
  2138,           0.9821380,       -1264.6203000,
  2139,           0.9821390,       -1264.5854000,
  2140,           0.9821400,       -1264.5484000,
  2141,           0.9821410,       -1264.5150000,
  2142,           0.9821420,       -1264.4813000,
  2143,           0.9821430,       -1264.4450000,
  2144,           0.9821440,       -1264.4100000,
  2145,           0.9821450,       -1264.3734000,
  2146,           0.9821460,       -1264.3390000,
  2147,           0.9821470,       -1264.3060000,
  2148,           0.9821480,       -1264.2694000,
  2149,           0.9821490,       -1264.2341000,
  2150,           0.9821500,       -1264.1990000,
  2151,           0.9821510,       -1264.1654000,
  2152,           0.9821520,       -1264.1301000,
  2153,           0.9821530,       -1264.0942000,
  2154,           0.9821540,       -1264.0594000,
  2155,           0.9821550,       -1264.0224000,
  2156,           0.9821560,       -1263.9900000,
  2157,           0.9821570,       -1263.9550000,
  2158,           0.9821580,       -1263.9183000,
  2159,           0.9821590,       -1263.8840000,
  2160,           0.9821600,       -1263.8493000,
  2161,           0.9821610,       -1263.8140000,
  2162,           0.9821620,       -1263.7790000,
  2163,           0.9821630,       -1263.7421000,
  2164,           0.9821640,       -1263.7073000,
  2165,           0.9821650,       -1263.6743000,
  2166,           0.9821660,       -1263.6390000,
  2167,           0.9821670,       -1263.6040000,
  2168,           0.9821680,       -1263.5680000,
  2169,           0.9821690,       -1263.5350000,
  2170,           0.9821700,       -1263.4980000,
  2171,           0.9821710,       -1263.4640000,
  2172,           0.9821720,       -1263.4281000,
  2173,           0.9821730,       -1263.3920000,
  2174,           0.9821740,       -1263.3583000,
  2175,           0.9821750,       -1263.3230000,
  2176,           0.9821760,       -1263.2873000,
  2177,           0.9821770,       -1263.2530000,
  2178,           0.9821780,       -1263.2180000,
  2179,           0.9821790,       -1263.1830000,
  2180,           0.9821800,       -1263.1470000,
  2181,           0.9821810,       -1263.1120000,
  2182,           0.9821820,       -1263.0770000,
  2183,           0.9821830,       -1263.0420000,
  2184,           0.9821840,       -1263.0072000,
  2185,           0.9821850,       -1262.9710000,
  2186,           0.9821860,       -1262.9361000,
  2187,           0.9821870,       -1262.9033000,
  2188,           0.9821880,       -1262.8670000,
  2189,           0.9821890,       -1262.8314000,
  2190,           0.9821900,       -1262.7960000,
  2191,           0.9821910,       -1262.7604000,
  2192,           0.9821920,       -1262.7280000,
  2193,           0.9821930,       -1262.6920000,
  2194,           0.9821940,       -1262.6570000,
  2195,           0.9821950,       -1262.6200000,
  2196,           0.9821960,       -1262.5880000,
  2197,           0.9821970,       -1262.5530000,
  2198,           0.9821980,       -1262.5160000,
  2199,           0.9821990,       -1262.4813000,
  2200,           0.9822000,       -1262.4450000,
  2201,           0.9822010,       -1262.4120000,
  2202,           0.9822020,       -1262.3760000,
  2203,           0.9822030,       -1262.3403000,
  2204,           0.9822040,       -1262.3060000,
  2205,           0.9822050,       -1262.2720000,
  2206,           0.9822060,       -1262.2370000,
  2207,           0.9822070,       -1262.2000000,
  2208,           0.9822080,       -1262.1660000,
  2209,           0.9822090,       -1262.1300000,
  2210,           0.9822100,       -1262.0961000,
  2211,           0.9822110,       -1262.0614000,
  2212,           0.9822120,       -1262.0250000,
  2213,           0.9822130,       -1261.9900000,
  2214,           0.9822140,       -1261.9561000,
  2215,           0.9822150,       -1261.9210000,
  2216,           0.9822160,       -1261.8852000,
  2217,           0.9822170,       -1261.8500000,
  2218,           0.9822180,       -1261.8150000,
  2219,           0.9822190,       -1261.7810000,
  2220,           0.9822200,       -1261.7450000,
  2221,           0.9822210,       -1261.7100000,
  2222,           0.9822220,       -1261.6733000,
  2223,           0.9822230,       -1261.6402000,
  2224,           0.9822240,       -1261.6053000,
  2225,           0.9822250,       -1261.5694000,
  2226,           0.9822260,       -1261.5340000,
  2227,           0.9822270,       -1261.4980000,
  2228,           0.9822280,       -1261.4652000,
  2229,           0.9822290,       -1261.4300000,
  2230,           0.9822300,       -1261.3942000,
  2231,           0.9822310,       -1261.3590000,
  2232,           0.9822320,       -1261.3243000,
  2233,           0.9822330,       -1261.2893000,
  2234,           0.9822340,       -1261.2550000,
  2235,           0.9822350,       -1261.2180000,
  2236,           0.9822360,       -1261.1840000,
  2237,           0.9822370,       -1261.1490000,
  2238,           0.9822380,       -1261.1140000,
  2239,           0.9822390,       -1261.0790000,
  2240,           0.9822400,       -1261.0430000,
  2241,           0.9822410,       -1261.0102000,
  2242,           0.9822420,       -1260.9742000,
  2243,           0.9822430,       -1260.9392000,
  2244,           0.9822440,       -1260.9040000,
  2245,           0.9822450,       -1260.8680000,
  2246,           0.9822460,       -1260.8352000,
  2247,           0.9822470,       -1260.7990000,
  2248,           0.9822480,       -1260.7640000,
  2249,           0.9822490,       -1260.7290000,
  2250,           0.9822500,       -1260.6943000,
  2251,           0.9822510,       -1260.6594000,
  2252,           0.9822520,       -1260.6231000,
  2253,           0.9822530,       -1260.5882000,
  2254,           0.9822540,       -1260.5530000,
  2255,           0.9822550,       -1260.5194000,
  2256,           0.9822560,       -1260.4840000,
  2257,           0.9822570,       -1260.4471000,
  2258,           0.9822580,       -1260.4130000,
  2259,           0.9822590,       -1260.3784000,
  2260,           0.9822600,       -1260.3430000,
  2261,           0.9822610,       -1260.3082000,
  2262,           0.9822620,       -1260.2720000,
  2263,           0.9822630,       -1260.2364000,
  2264,           0.9822640,       -1260.2030000,
  2265,           0.9822650,       -1260.1680000,
  2266,           0.9822660,       -1260.1324000,
  2267,           0.9822670,       -1260.0970000,
  2268,           0.9822680,       -1260.0640000,
  2269,           0.9822690,       -1260.0274000,
  2270,           0.9822700,       -1259.9930000,
  2271,           0.9822710,       -1259.9580000,
  2272,           0.9822720,       -1259.9211000,
  2273,           0.9822730,       -1259.8880000,
  2274,           0.9822740,       -1259.8520000,
  2275,           0.9822750,       -1259.8170000,
  2276,           0.9822760,       -1259.7814000,
  2277,           0.9822770,       -1259.7480000,
  2278,           0.9822780,       -1259.7130000,
  2279,           0.9822790,       -1259.6762000,
  2280,           0.9822800,       -1259.6420000,
  2281,           0.9822810,       -1259.6070000,
  2282,           0.9822820,       -1259.5721000,
  2283,           0.9822830,       -1259.5380000,
  2284,           0.9822840,       -1259.5020000,
  2285,           0.9822850,       -1259.4663000,
  2286,           0.9822860,       -1259.4330000,
  2287,           0.9822870,       -1259.3970000,
  2288,           0.9822880,       -1259.3624000,
  2289,           0.9822890,       -1259.3260000,
  2290,           0.9822900,       -1259.2910000,
  2291,           0.9822910,       -1259.2580000,
  2292,           0.9822920,       -1259.2220000,
  2293,           0.9822930,       -1259.1871000,
  2294,           0.9822940,       -1259.1510000,
  2295,           0.9822950,       -1259.1180000,
  2296,           0.9822960,       -1259.0820000,
  2297,           0.9822970,       -1259.0470000,
  2298,           0.9822980,       -1259.0111000,
  2299,           0.9822990,       -1258.9780000,
  2300,           0.9823000,       -1258.9422000,
  2301,           0.9823010,       -1258.9060000,
  2302,           0.9823020,       -1258.8712000,
  2303,           0.9823030,       -1258.8360000,
  2304,           0.9823040,       -1258.8012000,
  2305,           0.9823050,       -1258.7664000,
  2306,           0.9823060,       -1258.7304000,
  2307,           0.9823070,       -1258.6950000,
  2308,           0.9823080,       -1258.6622000,
  2309,           0.9823090,       -1258.6262000,
  2310,           0.9823100,       -1258.5910000,
  2311,           0.9823110,       -1258.5550000,
  2312,           0.9823120,       -1258.5200000,
  2313,           0.9823130,       -1258.4873000,
  2314,           0.9823140,       -1258.4504000,
  2315,           0.9823150,       -1258.4163000,
  2316,           0.9823160,       -1258.3800000,
  2317,           0.9823170,       -1258.3470000,
  2318,           0.9823180,       -1258.3120000,
  2319,           0.9823190,       -1258.2761000,
  2320,           0.9823200,       -1258.2404000,
  2321,           0.9823210,       -1258.2050000,
  2322,           0.9823220,       -1258.1720000,
  2323,           0.9823230,       -1258.1370000,
  2324,           0.9823240,       -1258.1004000,
  2325,           0.9823250,       -1258.0660000,
  2326,           0.9823260,       -1258.0313000,
  2327,           0.9823270,       -1257.9963000,
  2328,           0.9823280,       -1257.9610000,
  2329,           0.9823290,       -1257.9250000,
  2330,           0.9823300,       -1257.8900000,
  2331,           0.9823310,       -1257.8570000,
  2332,           0.9823320,       -1257.8210000,
  2333,           0.9823330,       -1257.7850000,
  2334,           0.9823340,       -1257.7510000,
  2335,           0.9823350,       -1257.7170000,
  2336,           0.9823360,       -1257.6800000,
  2337,           0.9823370,       -1257.6451000,
  2338,           0.9823380,       -1257.6100000,
  2339,           0.9823390,       -1257.5750000,
  2340,           0.9823400,       -1257.5413000,
  2341,           0.9823410,       -1257.5060000,
  2342,           0.9823420,       -1257.4700000,
  2343,           0.9823430,       -1257.4340000,
  2344,           0.9823440,       -1257.4011000,
  2345,           0.9823450,       -1257.3664000,
  2346,           0.9823460,       -1257.3300000,
  2347,           0.9823470,       -1257.2951000,
  2348,           0.9823480,       -1257.2584000,
  2349,           0.9823490,       -1257.2253000,
  2350,           0.9823500,       -1250.4300000,
  2351,           0.9823510,       -1250.3950000,
  2352,           0.9823520,       -1250.3590000,
  2353,           0.9823530,       -1250.3240000,
  2354,           0.9823540,       -1250.2900000,
  2355,           0.9823550,       -1250.2540000,
  2356,           0.9823560,       -1250.2180000,
  2357,           0.9823570,       -1250.1832000,
  2358,           0.9823580,       -1250.1492000,
  2359,           0.9823590,       -1250.1141000,
  2360,           0.9823600,       -1250.0780000,
  2361,           0.9823610,       -1250.0430000,
  2362,           0.9823620,       -1250.0100000,
  2363,           0.9823630,       -1249.9733000,
  2364,           0.9823640,       -1249.9384000,
  2365,           0.9823650,       -1249.9020000,
  2366,           0.9823660,       -1249.8670000,
  2367,           0.9823670,       -1249.8344000,
  2368,           0.9823680,       -1249.7980000,
  2369,           0.9823690,       -1249.7630000,
  2370,           0.9823700,       -1249.7271000,
  2371,           0.9823710,       -1249.6940000,
  2372,           0.9823720,       -1249.6590000,
  2373,           0.9823730,       -1249.6224000,
  2374,           0.9823740,       -1249.5880000,
  2375,           0.9823750,       -1249.5520000,
  2376,           0.9823760,       -1249.5184000,
  2377,           0.9823770,       -1249.4830000,
  2378,           0.9823780,       -1249.4473000,
  2379,           0.9823790,       -1249.4122000,
  2380,           0.9823800,       -1249.3774000,
  2381,           0.9823810,       -1249.3421000,
  2382,           0.9823820,       -1249.3060000,
  2383,           0.9823830,       -1249.2710000,
  2384,           0.9823840,       -1249.2360000,
  2385,           0.9823850,       -1249.2010000,
  2386,           0.9823860,       -1249.1660000,
  2387,           0.9823870,       -1249.1302000,
  2388,           0.9823880,       -1249.0950000,
  2389,           0.9823890,       -1249.0620000,
  2390,           0.9823900,       -1249.0260000,
  2391,           0.9823910,       -1248.9910000,
  2392,           0.9823920,       -1248.9534000,
  2393,           0.9823930,       -1248.9194000,
  2394,           0.9823940,       -1248.8863000,
  2395,           0.9823950,       -1248.8500000,
  2396,           0.9823960,       -1248.8143000,
  2397,           0.9823970,       -1248.7790000,
  2398,           0.9823980,       -1248.7460000,
  2399,           0.9823990,       -1248.7091000,
  2400,           0.9824000,       -1248.6760000,
  2401,           0.9824010,       -1248.6400000,
  2402,           0.9824020,       -1248.6032000,
  2403,           0.9824030,       -1248.5701000,
  2404,           0.9824040,       -1248.5350000,
  2405,           0.9824050,       -1248.4992000,
  2406,           0.9824060,       -1248.4640000,
  2407,           0.9824070,       -1248.4300000,
  2408,           0.9824080,       -1248.3960000,
  2409,           0.9824090,       -1248.3590000,
  2410,           0.9824100,       -1248.3240000,
  2411,           0.9824110,       -1248.2890000,
  2412,           0.9824120,       -1248.2543000,
  2413,           0.9824130,       -1248.2200000,
  2414,           0.9824140,       -1248.1830000,
  2415,           0.9824150,       -1248.1481000,
  2416,           0.9824160,       -1248.1160000,
  2417,           0.9824170,       -1248.0800000,
  2418,           0.9824180,       -1248.0430000,
  2419,           0.9824190,       -1248.0070000,
  2420,           0.9824200,       -1247.9724000,
  2421,           0.9824210,       -1247.9380000,
  2422,           0.9824220,       -1247.9030000,
  2423,           0.9824230,       -1247.8680000,
  2424,           0.9824240,       -1247.8311000,
  2425,           0.9824250,       -1247.7982000,
  2426,           0.9824260,       -1247.7620000,
  2427,           0.9824270,       -1247.7270000,
  2428,           0.9824280,       -1247.6920000,
  2429,           0.9824290,       -1247.6550000,
  2430,           0.9824300,       -1247.6232000,
  2431,           0.9824310,       -1247.5870000,
  2432,           0.9824320,       -1247.5520000,
  2433,           0.9824330,       -1247.5170000,
  2434,           0.9824340,       -1247.4830000,
  2435,           0.9824350,       -1247.4472000,
  2436,           0.9824360,       -1247.4110000,
  2437,           0.9824370,       -1247.3770000,
  2438,           0.9824380,       -1247.3410000,
  2439,           0.9824390,       -1247.3063000,
  2440,           0.9824400,       -1247.2711000,
  2441,           0.9824410,       -1247.2360000,
  2442,           0.9824420,       -1247.2001000,
  2443,           0.9824430,       -1247.1670000,
  2444,           0.9824440,       -1247.1320000,
  2445,           0.9824450,       -1247.0961000,
  2446,           0.9824460,       -1247.0600000,
  2447,           0.9824470,       -1247.0260000,
  2448,           0.9824480,       -1246.9914000,
  2449,           0.9824490,       -1246.9560000,
  2450,           0.9824500,       -1246.9211000,
  2451,           0.9824510,       -1246.8851000,
  2452,           0.9824520,       -1246.8524000,
  2453,           0.9824530,       -1246.8151000,
  2454,           0.9824540,       -1246.7810000,
  2455,           0.9824550,       -1246.7460000,
  2456,           0.9824560,       -1246.7092000,
  2457,           0.9824570,       -1246.6752000,
  2458,           0.9824580,       -1246.6400000,
  2459,           0.9824590,       -1246.6050000,
  2460,           0.9824600,       -1246.5680000,
  2461,           0.9824610,       -1246.5360000,
  2462,           0.9824620,       -1246.5004000,
  2463,           0.9824630,       -1246.4642000,
  2464,           0.9824640,       -1246.4290000,
  2465,           0.9824650,       -1246.3920000,
  2466,           0.9824660,       -1246.3594000,
  2467,           0.9824670,       -1246.3242000,
  2468,           0.9824680,       -1246.2880000,
  2469,           0.9824690,       -1246.2532000,
  2470,           0.9824700,       -1246.2192000,
  2471,           0.9824710,       -1246.1843000,
  2472,           0.9824720,       -1246.1490000,
  2473,           0.9824730,       -1246.1130000,
  2474,           0.9824740,       -1246.0781000,
  2475,           0.9824750,       -1246.0441000,
  2476,           0.9824760,       -1246.0090000,
  2477,           0.9824770,       -1239.2050000,
  2478,           0.9824780,       -1239.1700000,
  2479,           0.9824790,       -1239.1374000,
  2480,           0.9824800,       -1239.0990000,
  2481,           0.9824810,       -1239.0650000,
  2482,           0.9824820,       -1239.0290000,
  2483,           0.9824830,       -1238.9934000,
  2484,           0.9824840,       -1238.9600000,
  2485,           0.9824850,       -1238.9243000,
  2486,           0.9824860,       -1238.8890000,
  2487,           0.9824870,       -1238.8530000,
  2488,           0.9824880,       -1238.8194000,
  2489,           0.9824890,       -1238.7850000,
  2490,           0.9824900,       -1238.7482000,
  2491,           0.9824910,       -1238.7131000,
  2492,           0.9824920,       -1238.6774000,
  2493,           0.9824930,       -1238.6434000,
  2494,           0.9824940,       -1238.6080000,
  2495,           0.9824950,       -1238.5721000,
  2496,           0.9824960,       -1238.5370000,
  2497,           0.9824970,       -1238.5024000,
  2498,           0.9824980,       -1238.4680000,
  2499,           0.9824990,       -1238.4320000,
  2500,           0.9825000,       -1238.3960000,
  2501,           0.9825010,       -1238.3630000,
  2502,           0.9825020,       -1238.3280000,
  2503,           0.9825030,       -1238.2920000,
  2504,           0.9825040,       -1238.2552000,
  2505,           0.9825050,       -1238.2203000,
  2506,           0.9825060,       -1238.1870000,
  2507,           0.9825070,       -1238.1513000,
  2508,           0.9825080,       -1238.1160000,
  2509,           0.9825090,       -1238.0800000,
  2510,           0.9825100,       -1238.0472000,
  2511,           0.9825110,       -1238.0111000,
  2512,           0.9825120,       -1237.9753000,
  2513,           0.9825130,       -1237.9410000,
  2514,           0.9825140,       -1237.9050000,
  2515,           0.9825150,       -1237.8710000,
  2516,           0.9825160,       -1237.8360000,
  2517,           0.9825170,       -1237.8002000,
  2518,           0.9825180,       -1237.7640000,
  2519,           0.9825190,       -1237.7300000,
  2520,           0.9825200,       -1237.6950000,
  2521,           0.9825210,       -1237.6584000,
  2522,           0.9825220,       -1237.6231000,
  2523,           0.9825230,       -1237.5871000,
  2524,           0.9825240,       -1237.5544000,
  2525,           0.9825250,       -1237.5190000,
  2526,           0.9825260,       -1237.4830000,
  2527,           0.9825270,       -1237.4480000,
  2528,           0.9825280,       -1237.4140000,
  2529,           0.9825290,       -1237.3790000,
  2530,           0.9825300,       -1237.3440000,
  2531,           0.9825310,       -1237.3074000,
  2532,           0.9825320,       -1237.2723000,
  2533,           0.9825330,       -1237.2373000,
  2534,           0.9825340,       -1237.2022000,
  2535,           0.9825350,       -1237.1672000,
  2536,           0.9825360,       -1237.1304000,
  2537,           0.9825370,       -1237.0980000,
  2538,           0.9825380,       -1237.0620000,
  2539,           0.9825390,       -1237.0262000,
  2540,           0.9825400,       -1236.9901000,
  2541,           0.9825410,       -1236.9560000,
  2542,           0.9825420,       -1236.9230000,
  2543,           0.9825430,       -1236.8861000,
  2544,           0.9825440,       -1236.8520000,
  2545,           0.9825450,       -1236.8144000,
  2546,           0.9825460,       -1236.7820000,
  2547,           0.9825470,       -1236.7462000,
  2548,           0.9825480,       -1236.7110000,
  2549,           0.9825490,       -1236.6760000,
  2550,           0.9825500,       -1236.6390000,
  2551,           0.9825510,       -1236.6062000,
  2552,           0.9825520,       -1236.5700000,
  2553,           0.9825530,       -1236.5351000,
  2554,           0.9825540,       -1236.4993000,
  2555,           0.9825550,       -1236.4663000,
  2556,           0.9825560,       -1236.4300000,
  2557,           0.9825570,       -1236.3930000,
  2558,           0.9825580,       -1236.3581000,
  2559,           0.9825590,       -1236.3231000,
  2560,           0.9825600,       -1236.2891000,
  2561,           0.9825610,       -1236.2541000,
  2562,           0.9825620,       -1236.2181000,
  2563,           0.9825630,       -1236.1830000,
  2564,           0.9825640,       -1236.1490000,
  2565,           0.9825650,       -1236.1140000,
  2566,           0.9825660,       -1236.0790000,
  2567,           0.9825670,       -1236.0420000,
  2568,           0.9825680,       -1236.0070000,
  2569,           0.9825690,       -1235.9740000,
  2570,           0.9825700,       -1235.9374000,
  2571,           0.9825710,       -1235.9030000,
  2572,           0.9825720,       -1235.8654000,
  2573,           0.9825730,       -1235.8333000,
  2574,           0.9825740,       -1235.7962000,
  2575,           0.9825750,       -1235.7620000,
  2576,           0.9825760,       -1235.7261000,
  2577,           0.9825770,       -1235.6910000,
  2578,           0.9825780,       -1235.6572000,
  2579,           0.9825790,       -1235.6210000,
  2580,           0.9825800,       -1235.5870000,
  2581,           0.9825810,       -1235.5500000,
  2582,           0.9825820,       -1235.5170000,
  2583,           0.9825830,       -1235.4820000,
  2584,           0.9825840,       -1235.4462000,
  2585,           0.9825850,       -1235.4110000,
  2586,           0.9825860,       -1235.3750000,
  2587,           0.9825870,       -1235.3404000,
  2588,           0.9825880,       -1235.3070000,
  2589,           0.9825890,       -1235.2694000,
  2590,           0.9825900,       -1235.2350000,
  2591,           0.9825910,       -1235.2010000,
  2592,           0.9825920,       -1235.1662000,
  2593,           0.9825930,       -1235.1292000,
  2594,           0.9825940,       -1235.0930000,
  2595,           0.9825950,       -1235.0590000,
  2596,           0.9825960,       -1235.0242000,
  2597,           0.9825970,       -1234.9893000,
  2598,           0.9825980,       -1234.9532000,
  2599,           0.9825990,       -1234.9180000,
  2600,           0.9826000,       -1234.8850000,
  2601,           0.9826010,       -1234.8490000,
  2602,           0.9826020,       -1234.8140000,
  2603,           0.9826030,       -1234.7780000,
  2604,           0.9826040,       -1234.7430000,
  2605,           0.9826050,       -1234.7083000,
  2606,           0.9826060,       -1234.6732000,
  2607,           0.9826070,       -1234.6390000,
  2608,           0.9826080,       -1234.6030000,
  2609,           0.9826090,       -1234.5694000,
  2610,           0.9826100,       -1234.5322000,
  2611,           0.9826110,       -1234.4970000,
  2612,           0.9826120,       -1234.4621000,
  2613,           0.9826130,       -1234.4260000,
  2614,           0.9826140,       -1234.3930000,
  2615,           0.9826150,       -1234.3570000,
  2616,           0.9826160,       -1234.3220000,
  2617,           0.9826170,       -1234.2860000,
  2618,           0.9826180,       -1234.2530000,
  2619,           0.9826190,       -1234.2174000,
  2620,           0.9826200,       -1234.1812000,
  2621,           0.9826210,       -1234.1470000,
  2622,           0.9826220,       -1234.1101000,
  2623,           0.9826230,       -1234.0770000,
  2624,           0.9826240,       -1234.0430000,
  2625,           0.9826250,       -1234.0060000,
  2626,           0.9826260,       -1233.9710000,
  2627,           0.9826270,       -1233.9360000,
  2628,           0.9826280,       -1233.9020000,
  2629,           0.9826290,       -1233.8653000,
  2630,           0.9826300,       -1233.8300000,
  2631,           0.9826310,       -1233.7950000,
  2632,           0.9826320,       -1233.7604000,
  2633,           0.9826330,       -1233.7250000,
  2634,           0.9826340,       -1233.6881000,
  2635,           0.9826350,       -1233.6540000,
  2636,           0.9826360,       -1233.6210000,
  2637,           0.9826370,       -1233.5850000,
  2638,           0.9826380,       -1233.5494000,
  2639,           0.9826390,       -1233.5140000,
  2640,           0.9826400,       -1233.4790000,
  2641,           0.9826410,       -1233.4434000,
  2642,           0.9826420,       -1233.4091000,
  2643,           0.9826430,       -1233.3750000,
  2644,           0.9826440,       -1233.3380000,
  2645,           0.9826450,       -1233.3050000,
  2646,           0.9826460,       -1233.2692000,
  2647,           0.9826470,       -1233.2340000,
  2648,           0.9826480,       -1233.1982000,
  2649,           0.9826490,       -1233.1620000,
  2650,           0.9826500,       -1233.1300000,
  2651,           0.9826510,       -1233.0930000,
  2652,           0.9826520,       -1233.0580000,
  2653,           0.9826530,       -1233.0214000,
  2654,           0.9826540,       -1232.9890000,
  2655,           0.9826550,       -1232.9533000,
  2656,           0.9826560,       -1232.9170000,
  2657,           0.9826570,       -1232.8830000,
  2658,           0.9826580,       -1232.8460000,
  2659,           0.9826590,       -1232.8131000,
  2660,           0.9826600,       -1232.7762000,
  2661,           0.9826610,       -1232.7421000,
  2662,           0.9826620,       -1232.7062000,
  2663,           0.9826630,       -1232.6730000,
  2664,           0.9826640,       -1232.6370000,
  2665,           0.9826650,       -1232.6020000,
  2666,           0.9826660,       -1232.5670000,
  2667,           0.9826670,       -1232.5310000,
  2668,           0.9826680,       -1232.4964000,
  2669,           0.9826690,       -1232.4620000,
  2670,           0.9826700,       -1232.4250000,
  2671,           0.9826710,       -1232.3900000,
  2672,           0.9826720,       -1232.3560000,
  2673,           0.9826730,       -1232.3210000,
  2674,           0.9826740,       -1232.2851000,
  2675,           0.9826750,       -1232.2491000,
  2676,           0.9826760,       -1232.2142000,
  2677,           0.9826770,       -1232.1801000,
  2678,           0.9826780,       -1232.1460000,
  2679,           0.9826790,       -1232.1103000,
  2680,           0.9826800,       -1232.0740000,
  2681,           0.9826810,       -1232.0420000,
  2682,           0.9826820,       -1232.0050000,
  2683,           0.9826830,       -1231.9700000,
  2684,           0.9826840,       -1231.9340000,
  2685,           0.9826850,       -1231.8990000,
  2686,           0.9826860,       -1231.8650000,
  2687,           0.9826870,       -1231.8292000,
  2688,           0.9826880,       -1231.7941000,
  2689,           0.9826890,       -1231.7580000,
  2690,           0.9826900,       -1231.7250000,
  2691,           0.9826910,       -1231.6900000,
  2692,           0.9826920,       -1231.6531000,
  2693,           0.9826930,       -1231.6184000,
  2694,           0.9826940,       -1231.5850000,
  2695,           0.9826950,       -1231.5500000,
  2696,           0.9826960,       -1231.5140000,
  2697,           0.9826970,       -1231.4780000,
  2698,           0.9826980,       -1231.4430000,
  2699,           0.9826990,       -1231.4100000,
  2700,           0.9827000,       -1231.3743000,
  2701,           0.9827010,       -1231.3380000,
  2702,           0.9827020,       -1231.3032000,
  2703,           0.9827030,       -1231.2690000,
  2704,           0.9827040,       -1231.2331000,
  2705,           0.9827050,       -1231.1990000,
  2706,           0.9827060,       -1231.1630000,
  2707,           0.9827070,       -1231.1280000,
  2708,           0.9827080,       -1231.0920000,
  2709,           0.9827090,       -1231.0570000,
  2710,           0.9827100,       -1231.0230000,
  2711,           0.9827110,       -1230.9860000,
  2712,           0.9827120,       -1230.9534000,
  2713,           0.9827130,       -1230.9170000,
  2714,           0.9827140,       -1230.8830000,
  2715,           0.9827150,       -1230.8453000,
  2716,           0.9827160,       -1230.8101000,
  2717,           0.9827170,       -1230.7780000,
  2718,           0.9827180,       -1230.7420000,
  2719,           0.9827190,       -1230.7064000,
  2720,           0.9827200,       -1230.6701000,
  2721,           0.9827210,       -1230.6380000,
  2722,           0.9827220,       -1230.6030000,
  2723,           0.9827230,       -1230.5670000,
  2724,           0.9827240,       -1230.5302000,
  2725,           0.9827250,       -1230.4950000,
  2726,           0.9827260,       -1230.4620000,
  2727,           0.9827270,       -1230.4260000,
  2728,           0.9827280,       -1230.3900000,
  2729,           0.9827290,       -1230.3560000,
  2730,           0.9827300,       -1230.3220000,
  2731,           0.9827310,       -1230.2863000,
  2732,           0.9827320,       -1230.2500000,
  2733,           0.9827330,       -1230.2154000,
  2734,           0.9827340,       -1230.1793000,
  2735,           0.9827350,       -1230.1462000,
  2736,           0.9827360,       -1230.1110000,
  2737,           0.9827370,       -1230.0751000,
  2738,           0.9827380,       -1230.0401000,
  2739,           0.9827390,       -1230.0054000,
  2740,           0.9827400,       -1229.9704000,
  2741,           0.9827410,       -1229.9364000,
  2742,           0.9827420,       -1229.9000000,
  2743,           0.9827430,       -1229.8650000,
  2744,           0.9827440,       -1229.8302000,
  2745,           0.9827450,       -1229.7960000,
  2746,           0.9827460,       -1229.7590000,
  2747,           0.9827470,       -1229.7240000,
  2748,           0.9827480,       -1229.6900000,
  2749,           0.9827490,       -1229.6550000,
  2750,           0.9827500,       -1229.6193000,
  2751,           0.9827510,       -1229.5821000,
  2752,           0.9827520,       -1229.5480000,
  2753,           0.9827530,       -1229.5142000,
  2754,           0.9827540,       -1229.4790000,
  2755,           0.9827550,       -1229.4440000,
  2756,           0.9827560,       -1229.4071000,
  2757,           0.9827570,       -1229.3750000,
  2758,           0.9827580,       -1229.3390000,
  2759,           0.9827590,       -1229.3034000,
  2760,           0.9827600,       -1229.2681000,
  2761,           0.9827610,       -1229.2321000,
  2762,           0.9827620,       -1229.2000000,
  2763,           0.9827630,       -1229.1623000,
  2764,           0.9827640,       -1229.1270000,
  2765,           0.9827650,       -1229.0920000,
  2766,           0.9827660,       -1229.0582000,
  2767,           0.9827670,       -1229.0234000,
  2768,           0.9827680,       -1228.9870000,
  2769,           0.9827690,       -1228.9530000,
  2770,           0.9827700,       -1228.9160000,
  2771,           0.9827710,       -1228.8831000,
  2772,           0.9827720,       -1228.8474000,
  2773,           0.9827730,       -1228.8130000,
  2774,           0.9827740,       -1228.7774000,
  2775,           0.9827750,       -1228.7430000,
  2776,           0.9827760,       -1228.7080000,
  2777,           0.9827770,       -1228.6721000,
  2778,           0.9827780,       -1228.6370000,
  2779,           0.9827790,       -1228.6014000,
  2780,           0.9827800,       -1228.5680000,
  2781,           0.9827810,       -1228.5330000,
  2782,           0.9827820,       -1228.4970000,
  2783,           0.9827830,       -1228.4620000,
  2784,           0.9827840,       -1228.4270000,
  2785,           0.9827850,       -1228.3920000,
  2786,           0.9827860,       -1228.3570000,
  2787,           0.9827870,       -1228.3200000,
  2788,           0.9827880,       -1228.2860000,
  2789,           0.9827890,       -1228.2512000,
  2790,           0.9827900,       -1228.2163000,
  2791,           0.9827910,       -1228.1800000,
  2792,           0.9827920,       -1228.1450000,
  2793,           0.9827930,       -1228.1121000,
  2794,           0.9827940,       -1228.0770000,
  2795,           0.9827950,       -1228.0410000,
  2796,           0.9827960,       -1228.0050000,
  2797,           0.9827970,       -1227.9702000,
  2798,           0.9827980,       -1227.9360000,
  2799,           0.9827990,       -1227.9002000,
  2800,           0.9828000,       -1227.8660000,
  2801,           0.9828010,       -1227.8290000,
  2802,           0.9828020,       -1227.7962000,
  2803,           0.9828030,       -1227.7600000,
  2804,           0.9828040,       -1227.7252000,
  2805,           0.9828050,       -1227.6910000,
  2806,           0.9828060,       -1227.6540000,
  2807,           0.9828070,       -1227.6210000,
  2808,           0.9828080,       -1227.5850000,
  2809,           0.9828090,       -1227.5500000,
  2810,           0.9828100,       -1227.5140000,
  2811,           0.9828110,       -1227.4804000,
  2812,           0.9828120,       -1227.4460000,
  2813,           0.9828130,       -1227.4100000,
  2814,           0.9828140,       -1227.3750000,
  2815,           0.9828150,       -1227.3383000,
  2816,           0.9828160,       -1227.3054000,
  2817,           0.9828170,       -1227.2700000,
  2818,           0.9828180,       -1227.2350000,
  2819,           0.9828190,       -1227.1993000,
  2820,           0.9828200,       -1227.1651000,
  2821,           0.9828210,       -1227.1304000,
  2822,           0.9828220,       -1227.0940000,
  2823,           0.9828230,       -1227.0583000,
  2824,           0.9828240,       -1227.0230000,
  2825,           0.9828250,       -1226.9900000,
  2826,           0.9828260,       -1226.9550000,
  2827,           0.9828270,       -1226.9180000,
  2828,           0.9828280,       -1226.8834000,
  2829,           0.9828290,       -1226.8493000,
  2830,           0.9828300,       -1226.8140000,
  2831,           0.9828310,       -1226.7790000,
  2832,           0.9828320,       -1226.7430000,
  2833,           0.9828330,       -1226.7082000,
  2834,           0.9828340,       -1226.6741000,
  2835,           0.9828350,       -1226.6384000,
  2836,           0.9828360,       -1226.6030000,
  2837,           0.9828370,       -1226.5683000,
  2838,           0.9828380,       -1226.5352000,
  2839,           0.9828390,       -1226.4980000,
  2840,           0.9828400,       -1226.4633000,
  2841,           0.9828410,       -1226.4272000,
  2842,           0.9828420,       -1226.3922000,
  2843,           0.9828430,       -1226.3582000,
  2844,           0.9828440,       -1226.3230000,
  2845,           0.9828450,       -1226.2883000,
  2846,           0.9828460,       -1226.2521000,
  2847,           0.9828470,       -1226.2190000,
  2848,           0.9828480,       -1226.1824000,
  2849,           0.9828490,       -1226.1484000,
  2850,           0.9828500,       -1226.1120000,
  2851,           0.9828510,       -1226.0771000,
  2852,           0.9828520,       -1226.0440000,
  2853,           0.9828530,       -1226.0081000,
  2854,           0.9828540,       -1225.9731000,
  2855,           0.9828550,       -1225.9370000,
  2856,           0.9828560,       -1225.9040000,
  2857,           0.9828570,       -1225.8680000,
  2858,           0.9828580,       -1225.8332000,
  2859,           0.9828590,       -1225.7963000,
  2860,           0.9828600,       -1225.7610000,
  2861,           0.9828610,       -1225.7274000,
  2862,           0.9828620,       -1225.6920000,
  2863,           0.9828630,       -1225.6570000,
  2864,           0.9828640,       -1225.6220000,
  2865,           0.9828650,       -1225.5880000,
  2866,           0.9828660,       -1225.5532000,
  2867,           0.9828670,       -1225.5170000,
  2868,           0.9828680,       -1225.4820000,
  2869,           0.9828690,       -1225.4460000,
  2870,           0.9828700,       -1225.4132000,
  2871,           0.9828710,       -1225.3780000,
  2872,           0.9828720,       -1225.3410000,
  2873,           0.9828730,       -1225.3062000,
  2874,           0.9828740,       -1225.2730000,
  2875,           0.9828750,       -1225.2370000,
  2876,           0.9828760,       -1225.2011000,
  2877,           0.9828770,       -1225.1660000,
  2878,           0.9828780,       -1225.1310000,
  2879,           0.9828790,       -1225.0970000,
  2880,           0.9828800,       -1225.0620000,
  2881,           0.9828810,       -1225.0260000,
  2882,           0.9828820,       -1224.9910000,
  2883,           0.9828830,       -1224.9570000,
  2884,           0.9828840,       -1224.9220000,
  2885,           0.9828850,       -1224.8870000,
  2886,           0.9828860,       -1224.8503000,
  2887,           0.9828870,       -1224.8153000,
  2888,           0.9828880,       -1224.7814000,
  2889,           0.9828890,       -1224.7470000,
  2890,           0.9828900,       -1224.7110000,
  2891,           0.9828910,       -1224.6760000,
  2892,           0.9828920,       -1224.6430000,
  2893,           0.9828930,       -1224.6062000,
  2894,           0.9828940,       -1224.5712000,
  2895,           0.9828950,       -1224.5360000,
  2896,           0.9828960,       -1224.5030000,
  2897,           0.9828970,       -1224.4652000,
  2898,           0.9828980,       -1224.4304000,
  2899,           0.9828990,       -1224.3953000,
  2900,           0.9829000,       -1224.3600000,
  2901,           0.9829010,       -1224.3270000,
  2902,           0.9829020,       -1224.2902000,
  2903,           0.9829030,       -1224.2560000,
  2904,           0.9829040,       -1224.2200000,
  2905,           0.9829050,       -1224.1870000,
  2906,           0.9829060,       -1224.1520000,
  2907,           0.9829070,       -1224.1154000,
  2908,           0.9829080,       -1224.0810000,
  2909,           0.9829090,       -1224.0444000,
  2910,           0.9829100,       -1224.0111000,
  2911,           0.9829110,       -1223.9750000,
  2912,           0.9829120,       -1223.9404000,
  2913,           0.9829130,       -1223.9060000,
  2914,           0.9829140,       -1223.8704000,
  2915,           0.9829150,       -1223.8360000,
  2916,           0.9829160,       -1223.8000000,
  2917,           0.9829170,       -1223.7650000,
  2918,           0.9829180,       -1223.7293000,
  2919,           0.9829190,       -1223.6960000,
  2920,           0.9829200,       -1223.6604000,
  2921,           0.9829210,       -1223.6250000,
  2922,           0.9829220,       -1223.5893000,
  2923,           0.9829230,       -1223.5552000,
  2924,           0.9829240,       -1223.5200000,
  2925,           0.9829250,       -1223.4860000,
  2926,           0.9829260,       -1223.4492000,
  2927,           0.9829270,       -1223.4150000,
  2928,           0.9829280,       -1223.3804000,
  2929,           0.9829290,       -1223.3460000,
  2930,           0.9829300,       -1223.3100000,
  2931,           0.9829310,       -1223.2744000,
  2932,           0.9829320,       -1223.2420000,
  2933,           0.9829330,       -1223.2060000,
  2934,           0.9829340,       -1223.1711000,
  2935,           0.9829350,       -1223.1340000,
  2936,           0.9829360,       -1223.0982000,
  2937,           0.9829370,       -1223.0642000,
  2938,           0.9829380,       -1223.0300000,
  2939,           0.9829390,       -1222.9950000,
  2940,           0.9829400,       -1222.9590000,
  2941,           0.9829410,       -1222.9260000,
  2942,           0.9829420,       -1222.8903000,
  2943,           0.9829430,       -1222.8552000,
  2944,           0.9829440,       -1222.8190000,
  2945,           0.9829450,       -1222.7833000,
  2946,           0.9829460,       -1222.7502000,
  2947,           0.9829470,       -1222.7152000,
  2948,           0.9829480,       -1222.6802000,
  2949,           0.9829490,       -1222.6433000,
  2950,           0.9829500,       -1222.6101000,
  2951,           0.9829510,       -1222.5750000,
  2952,           0.9829520,       -1222.5390000,
  2953,           0.9829530,       -1222.5040000,
  2954,           0.9829540,       -1222.4680000,
  2955,           0.9829550,       -1222.4360000,
  2956,           0.9829560,       -1222.3990000,
  2957,           0.9829570,       -1222.3640000,
  2958,           0.9829580,       -1222.3280000,
  2959,           0.9829590,       -1222.2950000,
  2960,           0.9829600,       -1222.2601000,
  2961,           0.9829610,       -1222.2240000,
  2962,           0.9829620,       -1222.1890000,
  2963,           0.9829630,       -1222.1540000,
  2964,           0.9829640,       -1222.1202000,
  2965,           0.9829650,       -1222.0843000,
  2966,           0.9829660,       -1222.0490000,
  2967,           0.9829670,       -1222.0141000,
  2968,           0.9829680,       -1221.9804000,
  2969,           0.9829690,       -1221.9451000,
  2970,           0.9829700,       -1221.9091000,
  2971,           0.9829710,       -1221.8743000,
  2972,           0.9829720,       -1221.8380000,
  2973,           0.9829730,       -1221.8043000,
  2974,           0.9829740,       -1221.7700000,
  2975,           0.9829750,       -1221.7330000,
  2976,           0.9829760,       -1221.6981000,
  2977,           0.9829770,       -1221.6650000,
  2978,           0.9829780,       -1221.6300000,
  2979,           0.9829790,       -1221.5933000,
  2980,           0.9829800,       -1221.5583000,
  2981,           0.9829810,       -1221.5240000,
  2982,           0.9829820,       -1221.4900000,
  2983,           0.9829830,       -1221.4550000,
  2984,           0.9829840,       -1221.4184000,
  2985,           0.9829850,       -1221.3840000,
  2986,           0.9829860,       -1221.3500000,
  2987,           0.9829870,       -1221.3151000,
  2988,           0.9829880,       -1221.2794000,
  2989,           0.9829890,       -1221.2430000,
  2990,           0.9829900,       -1221.2080000,
  2991,           0.9829910,       -1221.1740000,
  2992,           0.9829920,       -1221.1390000,
  2993,           0.9829930,       -1221.1024000,
  2994,           0.9829940,       -1221.0682000,
  2995,           0.9829950,       -1221.0360000,
  2996,           0.9829960,       -1220.9990000,
  2997,           0.9829970,       -1220.9640000,
  2998,           0.9829980,       -1220.9280000,
  2999,           0.9829990,       -1220.8931000,
  3000,           0.9830000,       -1220.8592000,
  3001,           0.9830010,       -1220.8240000,
  3002,           0.9830020,       -1220.7890000,
  3003,           0.9830030,       -1220.7540000,
  3004,           0.9830040,       -1220.7200000,
  3005,           0.9830050,       -1220.6840000,
  3006,           0.9830060,       -1220.6490000,
  3007,           0.9830070,       -1220.6130000,
  3008,           0.9830080,       -1220.5781000,
  3009,           0.9830090,       -1220.5454000,
  3010,           0.9830100,       -1220.5090000,
  3011,           0.9830110,       -1220.4732000,
  3012,           0.9830120,       -1220.4380000,
  3013,           0.9830130,       -1220.4050000,
  3014,           0.9830140,       -1220.3690000,
  3015,           0.9830150,       -1220.3332000,
  3016,           0.9830160,       -1220.2984000,
  3017,           0.9830170,       -1220.2623000,
  3018,           0.9830180,       -1220.2300000,
  3019,           0.9830190,       -1220.1934000,
  3020,           0.9830200,       -1220.1590000,
  3021,           0.9830210,       -1220.1230000,
  3022,           0.9830220,       -1220.0900000,
  3023,           0.9830230,       -1220.0541000,
  3024,           0.9830240,       -1220.0183000,
  3025,           0.9830250,       -1219.9840000,
  3026,           0.9830260,       -1219.9481000,
  3027,           0.9830270,       -1219.9150000,
  3028,           0.9830280,       -1219.8780000,
  3029,           0.9830290,       -1219.8430000,
  3030,           0.9830300,       -1219.8073000,
  3031,           0.9830310,       -1219.7741000,
  3032,           0.9830320,       -1219.7391000,
  3033,           0.9830330,       -1219.7030000,
  3034,           0.9830340,       -1219.6683000,
  3035,           0.9830350,       -1219.6320000,
  3036,           0.9830360,       -1219.5992000,
  3037,           0.9830370,       -1219.5632000,
  3038,           0.9830380,       -1219.5290000,
  3039,           0.9830390,       -1219.4932000,
  3040,           0.9830400,       -1219.4600000,
  3041,           0.9830410,       -1219.4250000,
  3042,           0.9830420,       -1219.3881000,
  3043,           0.9830430,       -1219.3540000,
  3044,           0.9830440,       -1219.3172000,
  3045,           0.9830450,       -1219.2844000,
  3046,           0.9830460,       -1219.2493000,
  3047,           0.9830470,       -1219.2130000,
  3048,           0.9830480,       -1219.1780000,
  3049,           0.9830490,       -1219.1442000,
  3050,           0.9830500,       -1219.1090000,
  3051,           0.9830510,       -1219.0730000,
  3052,           0.9830520,       -1219.0380000,
  3053,           0.9830530,       -1219.0034000,
  3054,           0.9830540,       -1218.9700000,
  3055,           0.9830550,       -1218.9344000,
  3056,           0.9830560,       -1218.8981000,
  3057,           0.9830570,       -1218.8632000,
  3058,           0.9830580,       -1218.8300000,
  3059,           0.9830590,       -1218.7944000,
  3060,           0.9830600,       -1218.7600000,
  3061,           0.9830610,       -1218.7240000,
  3062,           0.9830620,       -1218.6890000,
  3063,           0.9830630,       -1218.6550000,
  3064,           0.9830640,       -1218.6200000,
  3065,           0.9830650,       -1218.5840000,
  3066,           0.9830660,       -1218.5480000,
  3067,           0.9830670,       -1218.5150000,
  3068,           0.9830680,       -1218.4792000,
  3069,           0.9830690,       -1218.4443000,
  3070,           0.9830700,       -1218.4080000,
  3071,           0.9830710,       -1218.3730000,
  3072,           0.9830720,       -1218.3400000,
  3073,           0.9830730,       -1218.3040000,
  3074,           0.9830740,       -1218.2691000,
  3075,           0.9830750,       -1218.2330000,
  3076,           0.9830760,       -1218.2001000,
  3077,           0.9830770,       -1218.1650000,
  3078,           0.9830780,       -1218.1300000,
  3079,           0.9830790,       -1218.0940000,
  3080,           0.9830800,       -1218.0582000,
  3081,           0.9830810,       -1218.0250000,
  3082,           0.9830820,       -1217.9900000,
  3083,           0.9830830,       -1217.9550000,
  3084,           0.9830840,       -1217.9183000,
  3085,           0.9830850,       -1217.8850000,
  3086,           0.9830860,       -1217.8492000,
  3087,           0.9830870,       -1217.8140000,
  3088,           0.9830880,       -1217.7780000,
  3089,           0.9830890,       -1217.7430000,
  3090,           0.9830900,       -1217.7100000,
  3091,           0.9830910,       -1217.6744000,
  3092,           0.9830920,       -1217.6400000,
  3093,           0.9830930,       -1217.6030000,
  3094,           0.9830940,       -1217.5703000,
  3095,           0.9830950,       -1217.5350000,
  3096,           0.9830960,       -1217.5000000,
  3097,           0.9830970,       -1217.4642000,
  3098,           0.9830980,       -1217.4302000,
  3099,           0.9830990,       -1217.3960000,
  3100,           0.9831000,       -1217.3600000,
  3101,           0.9831010,       -1217.3250000,
  3102,           0.9831020,       -1217.2890000,
  3103,           0.9831030,       -1217.2550000,
  3104,           0.9831040,       -1217.2210000,
  3105,           0.9831050,       -1217.1840000,
  3106,           0.9831060,       -1217.1492000,
  3107,           0.9831070,       -1217.1160000,
  3108,           0.9831080,       -1217.0802000,
  3109,           0.9831090,       -1217.0443000,
  3110,           0.9831100,       -1217.0093000,
  3111,           0.9831110,       -1216.9744000,
  3112,           0.9831120,       -1216.9403000,
  3113,           0.9831130,       -1216.9060000,
  3114,           0.9831140,       -1216.8700000,
  3115,           0.9831150,       -1216.8350000,
  3116,           0.9831160,       -1216.8011000,
  3117,           0.9831170,       -1216.7660000,
  3118,           0.9831180,       -1216.7293000,
  3119,           0.9831190,       -1216.6953000,
  3120,           0.9831200,       -1216.6601000,
  3121,           0.9831210,       -1216.6262000,
  3122,           0.9831220,       -1216.5903000,
  3123,           0.9831230,       -1216.5550000,
  3124,           0.9831240,       -1216.5200000,
  3125,           0.9831250,       -1216.4860000,
  3126,           0.9831260,       -1216.4510000,
  3127,           0.9831270,       -1216.4160000,
  3128,           0.9831280,       -1216.3793000,
  3129,           0.9831290,       -1216.3450000,
  3130,           0.9831300,       -1216.3110000,
  3131,           0.9831310,       -1216.2760000,
  3132,           0.9831320,       -1216.2390000,
  3133,           0.9831330,       -1216.2060000,
  3134,           0.9831340,       -1216.1724000,
  3135,           0.9831350,       -1216.1362000,
  3136,           0.9831360,       -1216.1011000,
  3137,           0.9831370,       -1216.0650000,
  3138,           0.9831380,       -1216.0310000,
  3139,           0.9831390,       -1215.9970000,
  3140,           0.9831400,       -1215.9620000,
  3141,           0.9831410,       -1215.9250000,
  3142,           0.9831420,       -1215.8894000,
  3143,           0.9831430,       -1215.8570000,
  3144,           0.9831440,       -1215.8214000,
  3145,           0.9831450,       -1215.7862000,
  3146,           0.9831460,       -1215.7502000,
  3147,           0.9831470,       -1215.7144000,
  3148,           0.9831480,       -1215.6812000,
  3149,           0.9831490,       -1215.6470000,
  3150,           0.9831500,       -1215.6114000,
  3151,           0.9831510,       -1215.5760000,
  3152,           0.9831520,       -1215.5420000,
  3153,           0.9831530,       -1215.5070000,
  3154,           0.9831540,       -1215.4720000,
  3155,           0.9831550,       -1215.4353000,
  3156,           0.9831560,       -1215.4003000,
  3157,           0.9831570,       -1215.3680000,
  3158,           0.9831580,       -1215.3323000,
  3159,           0.9831590,       -1215.2970000,
  3160,           0.9831600,       -1215.2600000,
  3161,           0.9831610,       -1215.2272000,
  3162,           0.9831620,       -1215.1914000,
  3163,           0.9831630,       -1215.1562000,
  3164,           0.9831640,       -1215.1210000,
  3165,           0.9831650,       -1215.0854000,
  3166,           0.9831660,       -1215.0530000,
  3167,           0.9831670,       -1215.0170000,
  3168,           0.9831680,       -1214.9820000,
  3169,           0.9831690,       -1214.9460000,
  3170,           0.9831700,       -1214.9130000,
  3171,           0.9831710,       -1214.8770000,
  3172,           0.9831720,       -1214.8420000,
  3173,           0.9831730,       -1214.8080000,
  3174,           0.9831740,       -1214.7711000,
  3175,           0.9831750,       -1214.7380000,
  3176,           0.9831760,       -1214.7022000,
  3177,           0.9831770,       -1214.6671000,
  3178,           0.9831780,       -1214.6320000,
  3179,           0.9831790,       -1214.5982000,
  3180,           0.9831800,       -1214.5633000,
  3181,           0.9831810,       -1214.5270000,
  3182,           0.9831820,       -1214.4923000,
  3183,           0.9831830,       -1214.4562000,
  3184,           0.9831840,       -1214.4240000,
  3185,           0.9831850,       -1214.3872000,
  3186,           0.9831860,       -1214.3524000,
  3187,           0.9831870,       -1214.3162000,
  3188,           0.9831880,       -1214.2840000,
  3189,           0.9831890,       -1214.2490000,
  3190,           0.9831900,       -1214.2124000,
  3191,           0.9831910,       -1214.1772000,
  3192,           0.9831920,       -1214.1423000,
  3193,           0.9831930,       -1214.1093000,
  3194,           0.9831940,       -1214.0730000,
  3195,           0.9831950,       -1214.0383000,
  3196,           0.9831960,       -1214.0032000,
  3197,           0.9831970,       -1213.9681000,
  3198,           0.9831980,       -1213.9343000,
  3199,           0.9831990,       -1213.8980000,
  3200,           0.9832000,       -1213.8630000,
  3201,           0.9832010,       -1213.8260000,
  3202,           0.9832020,       -1213.7941000,
  3203,           0.9832030,       -1213.7590000,
  3204,           0.9832040,       -1213.7232000,
  3205,           0.9832050,       -1213.6880000,
  3206,           0.9832060,       -1213.6542000,
  3207,           0.9832070,       -1213.6200000,
  3208,           0.9832080,       -1213.5840000,
  3209,           0.9832090,       -1213.5490000,
  3210,           0.9832100,       -1213.5130000,
  3211,           0.9832110,       -1213.4800000,
  3212,           0.9832120,       -1213.4450000,
  3213,           0.9832130,       -1213.4090000,
  3214,           0.9832140,       -1213.3743000,
  3215,           0.9832150,       -1213.3404000,
  3216,           0.9832160,       -1213.3044000,
  3217,           0.9832170,       -1213.2680000,
  3218,           0.9832180,       -1213.2340000,
  3219,           0.9832190,       -1213.1990000,
  3220,           0.9832200,       -1213.1650000,
  3221,           0.9832210,       -1213.1300000,
  3222,           0.9832220,       -1213.0940000,
  3223,           0.9832230,       -1213.0600000,
  3224,           0.9832240,       -1213.0252000,
  3225,           0.9832250,       -1212.9904000,
  3226,           0.9832260,       -1212.9541000,
  3227,           0.9832270,       -1212.9190000,
  3228,           0.9832280,       -1212.8843000,
  3229,           0.9832290,       -1212.8510000,
  3230,           0.9832300,       -1212.8160000,
  3231,           0.9832310,       -1212.7800000,
  3232,           0.9832320,       -1212.7450000,
  3233,           0.9832330,       -1212.7110000,
  3234,           0.9832340,       -1212.6752000,
  3235,           0.9832350,       -1212.6410000,
  3236,           0.9832360,       -1212.6040000,
  3237,           0.9832370,       -1212.5693000,
  3238,           0.9832380,       -1212.5360000,
  3239,           0.9832390,       -1212.5013000,
  3240,           0.9832400,       -1212.4650000,
  3241,           0.9832410,       -1212.4302000,
  3242,           0.9832420,       -1212.3960000,
  3243,           0.9832430,       -1212.3612000,
  3244,           0.9832440,       -1212.3270000,
  3245,           0.9832450,       -1212.2900000,
  3246,           0.9832460,       -1212.2560000,
  3247,           0.9832470,       -1212.2220000,
  3248,           0.9832480,       -1212.1864000,
  3249,           0.9832490,       -1212.1510000,
  3250,           0.9832500,       -1212.1160000,
  3251,           0.9832510,       -1212.0820000,
  3252,           0.9832520,       -1212.0471000,
  3253,           0.9832530,       -1212.0123000,
  3254,           0.9832540,       -1211.9760000,
  3255,           0.9832550,       -1211.9410000,
  3256,           0.9832560,       -1211.9073000,
  3257,           0.9832570,       -1211.8723000,
  3258,           0.9832580,       -1211.8360000,
  3259,           0.9832590,       -1211.8011000,
  3260,           0.9832600,       -1211.7690000,
  3261,           0.9832610,       -1211.7330000,
  3262,           0.9832620,       -1211.6973000,
  3263,           0.9832630,       -1211.6614000,
  3264,           0.9832640,       -1211.6270000,
  3265,           0.9832650,       -1211.5930000,
  3266,           0.9832660,       -1211.5580000,
  3267,           0.9832670,       -1211.5220000,
  3268,           0.9832680,       -1211.4870000,
  3269,           0.9832690,       -1211.4540000,
  3270,           0.9832700,       -1211.4183000,
  3271,           0.9832710,       -1211.3831000,
  3272,           0.9832720,       -1211.3460000,
  3273,           0.9832730,       -1211.3112000,
  3274,           0.9832740,       -1211.2774000,
  3275,           0.9832750,       -1211.2431000,
  3276,           0.9832760,       -1211.2080000,
  3277,           0.9832770,       -1211.1721000,
  3278,           0.9832780,       -1211.1390000,
  3279,           0.9832790,       -1211.1030000,
  3280,           0.9832800,       -1211.0690000,
  3281,           0.9832810,       -1211.0330000,
  3282,           0.9832820,       -1210.9973000,
  3283,           0.9832830,       -1210.9640000,
  3284,           0.9832840,       -1210.9293000,
  3285,           0.9832850,       -1210.8940000,
  3286,           0.9832860,       -1210.8581000,
  3287,           0.9832870,       -1210.8260000,
  3288,           0.9832880,       -1210.7894000,
  3289,           0.9832890,       -1210.7543000,
  3290,           0.9832900,       -1210.7182000,
  3291,           0.9832910,       -1210.6860000,
  3292,           0.9832920,       -1210.6502000,
  3293,           0.9832930,       -1210.6150000,
  3294,           0.9832940,       -1210.5791000,
  3295,           0.9832950,       -1210.5430000,
  3296,           0.9832960,       -1210.5110000,
  3297,           0.9832970,       -1210.4750000,
  3298,           0.9832980,       -1210.4400000,
  3299,           0.9832990,       -1210.4040000,
  3300,           0.9833000,       -1210.3714000,
  3301,           0.9833010,       -1210.3361000,
  3302,           0.9833020,       -1210.3004000,
  3303,           0.9833030,       -1210.2653000,
  3304,           0.9833040,       -1210.2291000,
  3305,           0.9833050,       -1210.1970000,
  3306,           0.9833060,       -1210.1602000,
  3307,           0.9833070,       -1210.1260000,
  3308,           0.9833080,       -1210.0900000,
  3309,           0.9833090,       -1210.0570000,
  3310,           0.9833100,       -1210.0213000,
  3311,           0.9833110,       -1209.9853000,
  3312,           0.9833120,       -1209.9501000,
  3313,           0.9833130,       -1209.9150000,
  3314,           0.9833140,       -1209.8820000,
  3315,           0.9833150,       -1209.8461000,
  3316,           0.9833160,       -1209.8110000,
  3317,           0.9833170,       -1209.7760000,
  3318,           0.9833180,       -1209.7430000,
  3319,           0.9833190,       -1209.7080000,
  3320,           0.9833200,       -1209.6720000,
  3321,           0.9833210,       -1209.6370000,
  3322,           0.9833220,       -1209.6010000,
  3323,           0.9833230,       -1209.5671000,
  3324,           0.9833240,       -1209.5321000,
  3325,           0.9833250,       -1209.4974000,
  3326,           0.9833260,       -1209.4622000,
  3327,           0.9833270,       -1209.4283000,
  3328,           0.9833280,       -1209.3930000,
  3329,           0.9833290,       -1209.3580000,
  3330,           0.9833300,       -1209.3222000,
  3331,           0.9833310,       -1209.2862000,
  3332,           0.9833320,       -1209.2532000,
  3333,           0.9833330,       -1209.2170000,
  3334,           0.9833340,       -1209.1833000,
  3335,           0.9833350,       -1209.1481000,
  3336,           0.9833360,       -1209.1141000,
  3337,           0.9833370,       -1209.0790000,
  3338,           0.9833380,       -1209.0433000,
  3339,           0.9833390,       -1209.0080000,
  3340,           0.9833400,       -1208.9730000,
  3341,           0.9833410,       -1208.9400000,
  3342,           0.9833420,       -1208.9051000,
  3343,           0.9833430,       -1208.8690000,
  3344,           0.9833440,       -1208.8333000,
  3345,           0.9833450,       -1208.8000000,
  3346,           0.9833460,       -1208.7650000,
  3347,           0.9833470,       -1208.7280000,
  3348,           0.9833480,       -1208.6940000,
  3349,           0.9833490,       -1208.6571000,
  3350,           0.9833500,       -1208.6242000,
  3351,           0.9833510,       -1208.5903000,
  3352,           0.9833520,       -1208.5544000,
  3353,           0.9833530,       -1208.5191000,
  3354,           0.9833540,       -1208.4853000,
  3355,           0.9833550,       -1208.4510000,
  3356,           0.9833560,       -1208.4140000,
  3357,           0.9833570,       -1208.3800000,
  3358,           0.9833580,       -1208.3440000,
  3359,           0.9833590,       -1208.3110000,
  3360,           0.9833600,       -1208.2761000,
  3361,           0.9833610,       -1208.2400000,
  3362,           0.9833620,       -1208.2060000,
  3363,           0.9833630,       -1208.1721000,
  3364,           0.9833640,       -1208.1370000,
  3365,           0.9833650,       -1208.1010000,
  3366,           0.9833660,       -1208.0650000,
  3367,           0.9833670,       -1208.0292000,
  3368,           0.9833680,       -1207.9970000,
  3369,           0.9833690,       -1207.9620000,
  3370,           0.9833700,       -1207.9260000,
  3371,           0.9833710,       -1207.8910000,
  3372,           0.9833720,       -1207.8571000,
  3373,           0.9833730,       -1207.8221000,
  3374,           0.9833740,       -1207.7864000,
  3375,           0.9833750,       -1207.7514000,
  3376,           0.9833760,       -1207.7170000,
  3377,           0.9833770,       -1207.6830000,
  3378,           0.9833780,       -1207.6480000,
  3379,           0.9833790,       -1207.6130000,
  3380,           0.9833800,       -1207.5773000,
  3381,           0.9833810,       -1207.5434000,
  3382,           0.9833820,       -1207.5090000,
  3383,           0.9833830,       -1207.4730000,
  3384,           0.9833840,       -1207.4370000,
  3385,           0.9833850,       -1207.4022000,
  3386,           0.9833860,       -1207.3690000,
  3387,           0.9833870,       -1207.3340000,
  3388,           0.9833880,       -1207.2973000,
  3389,           0.9833890,       -1207.2623000,
  3390,           0.9833900,       -1207.2280000,
  3391,           0.9833910,       -1207.1942000,
  3392,           0.9833920,       -1207.1582000,
  3393,           0.9833930,       -1207.1230000,
  3394,           0.9833940,       -1207.0882000,
  3395,           0.9833950,       -1207.0550000,
  3396,           0.9833960,       -1207.0194000,
  3397,           0.9833970,       -1206.9840000,
  3398,           0.9833980,       -1206.9490000,
  3399,           0.9833990,       -1206.9151000,
  3400,           0.9834000,       -1206.8801000,
  3401,           0.9834010,       -1206.8442000,
  3402,           0.9834020,       -1206.8100000,
  3403,           0.9834030,       -1206.7742000,
  3404,           0.9834040,       -1206.7410000,
  3405,           0.9834050,       -1206.7060000,
  3406,           0.9834060,       -1206.6694000,
  3407,           0.9834070,       -1206.6343000,
  3408,           0.9834080,       -1206.6011000,
  3409,           0.9834090,       -1206.5662000,
  3410,           0.9834100,       -1206.5310000,
  3411,           0.9834110,       -1206.4953000,
  3412,           0.9834120,       -1206.4610000,
  3413,           0.9834130,       -1206.4270000,
  3414,           0.9834140,       -1206.3922000,
  3415,           0.9834150,       -1206.3560000,
  3416,           0.9834160,       -1206.3220000,
  3417,           0.9834170,       -1206.2874000,
  3418,           0.9834180,       -1206.2530000,
  3419,           0.9834190,       -1206.2161000,
  3420,           0.9834200,       -1206.1820000,
  3421,           0.9834210,       -1206.1464000,
  3422,           0.9834220,       -1206.1130000,
  3423,           0.9834230,       -1206.0771000,
  3424,           0.9834240,       -1206.0412000,
  3425,           0.9834250,       -1206.0061000,
  3426,           0.9834260,       -1205.9740000,
  3427,           0.9834270,       -1205.9380000,
  3428,           0.9834280,       -1205.9020000,
  3429,           0.9834290,       -1205.8674000,
  3430,           0.9834300,       -1205.8323000,
  3431,           0.9834310,       -1205.7982000,
  3432,           0.9834320,       -1205.7640000,
  3433,           0.9834330,       -1205.7280000,
  3434,           0.9834340,       -1205.6930000,
  3435,           0.9834350,       -1205.6590000,
  3436,           0.9834360,       -1205.6240000,
  3437,           0.9834370,       -1205.5890000,
  3438,           0.9834380,       -1205.5534000,
  3439,           0.9834390,       -1205.5190000,
  3440,           0.9834400,       -1205.4843000,
  3441,           0.9834410,       -1205.4500000,
  3442,           0.9834420,       -1205.4132000,
  3443,           0.9834430,       -1205.3791000,
  3444,           0.9834440,       -1205.3450000,
  3445,           0.9834450,       -1205.3100000,
  3446,           0.9834460,       -1205.2744000,
  3447,           0.9834470,       -1205.2400000,
  3448,           0.9834480,       -1205.2041000,
  3449,           0.9834490,       -1205.1704000,
  3450,           0.9834500,       -1205.1363000,
  3451,           0.9834510,       -1205.1004000,
  3452,           0.9834520,       -1205.0650000,
  3453,           0.9834530,       -1205.0314000,
  3454,           0.9834540,       -1204.9970000,
  3455,           0.9834550,       -1204.9611000,
  3456,           0.9834560,       -1204.9261000,
  3457,           0.9834570,       -1204.8910000,
  3458,           0.9834580,       -1204.8570000,
  3459,           0.9834590,       -1204.8223000,
  3460,           0.9834600,       -1204.7860000,
  3461,           0.9834610,       -1204.7520000,
  3462,           0.9834620,       -1204.7172000,
  3463,           0.9834630,       -1204.6830000,
  3464,           0.9834640,       -1204.6463000,
  3465,           0.9834650,       -1204.6120000,
  3466,           0.9834660,       -1204.5770000,
  3467,           0.9834670,       -1204.5430000,
  3468,           0.9834680,       -1204.5080000,
  3469,           0.9834690,       -1204.4730000,
  3470,           0.9834700,       -1204.4380000,
  3471,           0.9834710,       -1204.4040000,
  3472,           0.9834720,       -1204.3690000,
  3473,           0.9834730,       -1204.3330000,
  3474,           0.9834740,       -1204.2983000,
  3475,           0.9834750,       -1204.2634000,
  3476,           0.9834760,       -1204.2301000,
  3477,           0.9834770,       -1204.1940000,
  3478,           0.9834780,       -1204.1580000,
  3479,           0.9834790,       -1204.1230000,
  3480,           0.9834800,       -1204.0902000,
  3481,           0.9834810,       -1204.0550000,
  3482,           0.9834820,       -1204.0190000,
  3483,           0.9834830,       -1203.9841000,
  3484,           0.9834840,       -1203.9490000,
  3485,           0.9834850,       -1203.9160000,
  3486,           0.9834860,       -1203.8810000,
  3487,           0.9834870,       -1203.8450000,
  3488,           0.9834880,       -1203.8103000,
  3489,           0.9834890,       -1203.7761000,
  3490,           0.9834900,       -1203.7410000,
  3491,           0.9834910,       -1203.7050000,
  3492,           0.9834920,       -1203.6710000,
  3493,           0.9834930,       -1203.6390000,
  3494,           0.9834940,       -1203.6014000,
  3495,           0.9834950,       -1203.5670000,
  3496,           0.9834960,       -1203.5302000,
  3497,           0.9834970,       -1203.4954000,
  3498,           0.9834980,       -1203.4611000,
  3499,           0.9834990,       -1203.4273000,
  3500,           0.9835000,       -1203.3920000,
  3501,           0.9835010,       -1203.3563000,
  3502,           0.9835020,       -1203.3222000,
  3503,           0.9835030,       -1203.2880000,
  3504,           0.9835040,       -1203.2530000,
  3505,           0.9835050,       -1203.2171000,
  3506,           0.9835060,       -1203.1830000,
  3507,           0.9835070,       -1203.1490000,
  3508,           0.9835080,       -1203.1132000,
  3509,           0.9835090,       -1203.0780000,
  3510,           0.9835100,       -1203.0430000,
  3511,           0.9835110,       -1203.0100000,
  3512,           0.9835120,       -1202.9750000,
  3513,           0.9835130,       -1202.9400000,
  3514,           0.9835140,       -1202.9040000,
  3515,           0.9835150,       -1202.8680000,
  3516,           0.9835160,       -1202.8342000,
  3517,           0.9835170,       -1202.8002000,
  3518,           0.9835180,       -1202.7641000,
  3519,           0.9835190,       -1202.7291000,
  3520,           0.9835200,       -1202.6953000,
  3521,           0.9835210,       -1202.6610000,
  3522,           0.9835220,       -1202.6260000,
  3523,           0.9835230,       -1202.5902000,
  3524,           0.9835240,       -1202.5552000,
  3525,           0.9835250,       -1202.5212000,
  3526,           0.9835260,       -1202.4870000,
  3527,           0.9835270,       -1202.4503000,
  3528,           0.9835280,       -1202.4160000,
  3529,           0.9835290,       -1202.3820000,
  3530,           0.9835300,       -1202.3480000,
  3531,           0.9835310,       -1202.3123000,
  3532,           0.9835320,       -1202.2761000,
  3533,           0.9835330,       -1202.2410000,
  3534,           0.9835340,       -1202.2072000,
  3535,           0.9835350,       -1202.1722000,
  3536,           0.9835360,       -1202.1370000,
  3537,           0.9835370,       -1202.1020000,
  3538,           0.9835380,       -1202.0681000,
  3539,           0.9835390,       -1202.0332000,
  3540,           0.9835400,       -1201.9990000,
  3541,           0.9835410,       -1201.9620000,
  3542,           0.9835420,       -1201.9272000,
  3543,           0.9835430,       -1201.8941000,
  3544,           0.9835440,       -1201.8594000,
  3545,           0.9835450,       -1201.8231000,
  3546,           0.9835460,       -1201.7882000,
  3547,           0.9835470,       -1201.7543000,
  3548,           0.9835480,       -1201.7200000,
  3549,           0.9835490,       -1201.6840000,
  3550,           0.9835500,       -1201.6490000,
  3551,           0.9835510,       -1201.6150000,
  3552,           0.9835520,       -1201.5800000,
  3553,           0.9835530,       -1201.5450000,
  3554,           0.9835540,       -1201.5090000,
  3555,           0.9835550,       -1201.4741000,
  3556,           0.9835560,       -1201.4410000,
  3557,           0.9835570,       -1201.4060000,
  3558,           0.9835580,       -1201.3700000,
  3559,           0.9835590,       -1201.3360000,
  3560,           0.9835600,       -1201.3010000,
  3561,           0.9835610,       -1201.2670000,
  3562,           0.9835620,       -1201.2312000,
  3563,           0.9835630,       -1201.1964000,
  3564,           0.9835640,       -1201.1620000,
  3565,           0.9835650,       -1201.1280000,
  3566,           0.9835660,       -1201.0922000,
  3567,           0.9835670,       -1201.0570000,
  3568,           0.9835680,       -1201.0213000,
  3569,           0.9835690,       -1200.9873000,
  3570,           0.9835700,       -1200.9534000,
  3571,           0.9835710,       -1200.9190000,
  3572,           0.9835720,       -1200.8820000,
  3573,           0.9835730,       -1200.8480000,
  3574,           0.9835740,       -1200.8140000,
  3575,           0.9835750,       -1200.7790000,
  3576,           0.9835760,       -1200.7431000,
  3577,           0.9835770,       -1200.7090000,
  3578,           0.9835780,       -1200.6722000,
  3579,           0.9835790,       -1200.6400000,
  3580,           0.9835800,       -1200.6050000,
  3581,           0.9835810,       -1200.5684000,
  3582,           0.9835820,       -1200.5340000,
  3583,           0.9835830,       -1200.5004000,
  3584,           0.9835840,       -1200.4660000,
  3585,           0.9835850,       -1200.4300000,
  3586,           0.9835860,       -1200.3951000,
  3587,           0.9835870,       -1200.3590000,
  3588,           0.9835880,       -1200.3262000,
  3589,           0.9835890,       -1200.2912000,
  3590,           0.9835900,       -1200.2560000,
  3591,           0.9835910,       -1200.2210000,
  3592,           0.9835920,       -1200.1864000,
  3593,           0.9835930,       -1200.1520000,
  3594,           0.9835940,       -1200.1160000,
  3595,           0.9835950,       -1200.0810000,
  3596,           0.9835960,       -1200.0460000,
  3597,           0.9835970,       -1200.0130000,
  3598,           0.9835980,       -1199.9770000,
  3599,           0.9835990,       -1199.9420000,
  3600,           0.9836000,       -1199.9073000,
  3601,           0.9836010,       -1199.8730000,
  3602,           0.9836020,       -1199.8390000,
  3603,           0.9836030,       -1199.8032000,
  3604,           0.9836040,       -1199.7681000,
  3605,           0.9836050,       -1199.7320000,
  3606,           0.9836060,       -1199.6990000,
  3607,           0.9836070,       -1199.6634000,
  3608,           0.9836080,       -1199.6290000,
  3609,           0.9836090,       -1199.5943000,
  3610,           0.9836100,       -1199.5604000,
  3611,           0.9836110,       -1199.5260000,
  3612,           0.9836120,       -1199.4890000,
  3613,           0.9836130,       -1199.4542000,
  3614,           0.9836140,       -1199.4180000,
  3615,           0.9836150,       -1199.3860000,
  3616,           0.9836160,       -1199.3503000,
  3617,           0.9836170,       -1199.3160000,
  3618,           0.9836180,       -1199.2803000,
  3619,           0.9836190,       -1199.2470000,
  3620,           0.9836200,       -1199.2121000,
  3621,           0.9836210,       -1199.1760000,
  3622,           0.9836220,       -1199.1411000,
  3623,           0.9836230,       -1199.1052000,
  3624,           0.9836240,       -1199.0730000,
  3625,           0.9836250,       -1199.0373000,
  3626,           0.9836260,       -1199.0020000,
  3627,           0.9836270,       -1198.9660000,
  3628,           0.9836280,       -1198.9330000,
  3629,           0.9836290,       -1198.8980000,
  3630,           0.9836300,       -1198.8630000,
  3631,           0.9836310,       -1198.8283000,
  3632,           0.9836320,       -1198.7920000,
  3633,           0.9836330,       -1198.7592000,
  3634,           0.9836340,       -1198.7240000,
  3635,           0.9836350,       -1198.6881000,
  3636,           0.9836360,       -1198.6530000,
  3637,           0.9836370,       -1198.6203000,
  3638,           0.9836380,       -1198.5840000,
  3639,           0.9836390,       -1198.5493000,
  3640,           0.9836400,       -1198.5150000,
  3641,           0.9836410,       -1198.4790000,
  3642,           0.9836420,       -1198.4450000,
  3643,           0.9836430,       -1198.4090000,
  3644,           0.9836440,       -1198.3760000,
  3645,           0.9836450,       -1198.3394000,
  3646,           0.9836460,       -1198.3070000,
  3647,           0.9836470,       -1198.2710000,
  3648,           0.9836480,       -1198.2360000,
  3649,           0.9836490,       -1198.2010000,
  3650,           0.9836500,       -1198.1652000,
  3651,           0.9836510,       -1198.1322000,
  3652,           0.9836520,       -1198.0970000,
  3653,           0.9836530,       -1198.0620000,
  3654,           0.9836540,       -1198.0260000,
  3655,           0.9836550,       -1197.9940000,
  3656,           0.9836560,       -1197.9571000,
  3657,           0.9836570,       -1197.9223000,
  3658,           0.9836580,       -1197.8873000,
  3659,           0.9836590,       -1197.8520000,
  3660,           0.9836600,       -1197.8200000,
  3661,           0.9836610,       -1197.7840000,
  3662,           0.9836620,       -1197.7490000,
  3663,           0.9836630,       -1197.7124000,
  3664,           0.9836640,       -1197.6800000,
  3665,           0.9836650,       -1197.6442000,
  3666,           0.9836660,       -1197.6100000,
  3667,           0.9836670,       -1197.5732000,
  3668,           0.9836680,       -1197.5384000,
  3669,           0.9836690,       -1197.5050000,
  3670,           0.9836700,       -1197.4702000,
  3671,           0.9836710,       -1197.4360000,
  3672,           0.9836720,       -1197.4000000,
  3673,           0.9836730,       -1197.3680000,
  3674,           0.9836740,       -1197.3312000,
  3675,           0.9836750,       -1197.2963000,
  3676,           0.9836760,       -1197.2600000,
  3677,           0.9836770,       -1197.2260000,
  3678,           0.9836780,       -1197.1920000,
  3679,           0.9836790,       -1197.1564000,
  3680,           0.9836800,       -1197.1224000,
  3681,           0.9836810,       -1197.0860000,
  3682,           0.9836820,       -1197.0534000,
  3683,           0.9836830,       -1197.0173000,
  3684,           0.9836840,       -1196.9830000,
  3685,           0.9836850,       -1196.9470000,
  3686,           0.9836860,       -1196.9141000,
  3687,           0.9836870,       -1196.8792000,
  3688,           0.9836880,       -1196.8443000,
  3689,           0.9836890,       -1196.8080000,
  3690,           0.9836900,       -1196.7731000,
  3691,           0.9836910,       -1196.7410000,
  3692,           0.9836920,       -1196.7050000,
  3693,           0.9836930,       -1196.6700000,
  3694,           0.9836940,       -1196.6350000,
  3695,           0.9836950,       -1196.6020000,
  3696,           0.9836960,       -1196.5660000,
  3697,           0.9836970,       -1196.5310000,
  3698,           0.9836980,       -1196.4950000,
  3699,           0.9836990,       -1196.4594000,
  3700,           0.9837000,       -1196.4252000,
  3701,           0.9837010,       -1196.3910000,
  3702,           0.9837020,       -1196.3570000,
  3703,           0.9837030,       -1196.3210000,
  3704,           0.9837040,       -1196.2882000,
  3705,           0.9837050,       -1196.2524000,
  3706,           0.9837060,       -1196.2170000,
  3707,           0.9837070,       -1196.1820000,
  3708,           0.9837080,       -1196.1470000,
  3709,           0.9837090,       -1196.1130000,
  3710,           0.9837100,       -1196.0790000,
  3711,           0.9837110,       -1196.0424000,
  3712,           0.9837120,       -1196.0080000,
  3713,           0.9837130,       -1195.9760000,
  3714,           0.9837140,       -1195.9394000,
  3715,           0.9837150,       -1195.9040000,
  3716,           0.9837160,       -1195.8680000,
  3717,           0.9837170,       -1195.8341000,
  3718,           0.9837180,       -1195.8000000,
  3719,           0.9837190,       -1195.7653000,
  3720,           0.9837200,       -1195.7290000,
  3721,           0.9837210,       -1195.6950000,
  3722,           0.9837220,       -1195.6602000,
  3723,           0.9837230,       -1195.6260000,
  3724,           0.9837240,       -1195.5911000,
  3725,           0.9837250,       -1195.5560000,
  3726,           0.9837260,       -1195.5211000,
  3727,           0.9837270,       -1195.4873000,
  3728,           0.9837280,       -1195.4523000,
  3729,           0.9837290,       -1195.4161000,
  3730,           0.9837300,       -1195.3820000,
  3731,           0.9837310,       -1195.3480000,
  3732,           0.9837320,       -1195.3130000,
  3733,           0.9837330,       -1195.2780000,
  3734,           0.9837340,       -1195.2430000,
  3735,           0.9837350,       -1195.2081000,
  3736,           0.9837360,       -1195.1734000,
  3737,           0.9837370,       -1195.1390000,
  3738,           0.9837380,       -1195.1030000,
  3739,           0.9837390,       -1195.0680000,
  3740,           0.9837400,       -1195.0350000,
  3741,           0.9837410,       -1195.0000000,
  3742,           0.9837420,       -1194.9641000,
  3743,           0.9837430,       -1194.9294000,
  3744,           0.9837440,       -1194.8950000,
  3745,           0.9837450,       -1194.8610000,
  3746,           0.9837460,       -1194.8262000,
  3747,           0.9837470,       -1194.7902000,
  3748,           0.9837480,       -1194.7561000,
  3749,           0.9837490,       -1194.7221000,
  3750,           0.9837500,       -1194.6873000,
  3751,           0.9837510,       -1194.6513000,
  3752,           0.9837520,       -1194.6162000,
  3753,           0.9837530,       -1194.5800000,
  3754,           0.9837540,       -1194.5480000,
  3755,           0.9837550,       -1194.5120000,
  3756,           0.9837560,       -1194.4780000,
  3757,           0.9837570,       -1194.4430000,
  3758,           0.9837580,       -1194.4091000,
  3759,           0.9837590,       -1194.3740000,
  3760,           0.9837600,       -1194.3380000,
  3761,           0.9837610,       -1194.3033000,
  3762,           0.9837620,       -1194.2672000,
  3763,           0.9837630,       -1194.2350000,
  3764,           0.9837640,       -1194.1994000,
  3765,           0.9837650,       -1194.1650000,
  3766,           0.9837660,       -1194.1290000,
  3767,           0.9837670,       -1194.0960000,
  3768,           0.9837680,       -1194.0614000,
  3769,           0.9837690,       -1194.0250000,
  3770,           0.9837700,       -1193.9903000,
  3771,           0.9837710,       -1193.9550000,
  3772,           0.9837720,       -1193.9223000,
  3773,           0.9837730,       -1193.8863000,
  3774,           0.9837740,       -1193.8510000,
  3775,           0.9837750,       -1193.8150000,
  3776,           0.9837760,       -1193.7830000,
  3777,           0.9837770,       -1193.7470000,
  3778,           0.9837780,       -1193.7120000,
  3779,           0.9837790,       -1193.6780000,
  3780,           0.9837800,       -1193.6422000,
  3781,           0.9837810,       -1193.6092000,
  3782,           0.9837820,       -1193.5732000,
  3783,           0.9837830,       -1193.5390000,
  3784,           0.9837840,       -1193.5023000,
  3785,           0.9837850,       -1193.4702000,
  3786,           0.9837860,       -1193.4342000,
  3787,           0.9837870,       -1193.4000000,
  3788,           0.9837880,       -1193.3631000,
  3789,           0.9837890,       -1193.3284000,
  3790,           0.9837900,       -1193.2970000,
  3791,           0.9837910,       -1193.2601000,
  3792,           0.9837920,       -1193.2250000,
  3793,           0.9837930,       -1193.1900000,
  3794,           0.9837940,       -1193.1571000,
  3795,           0.9837950,       -1193.1213000,
  3796,           0.9837960,       -1193.0870000,
  3797,           0.9837970,       -1193.0510000,
  3798,           0.9837980,       -1193.0163000,
  3799,           0.9837990,       -1192.9830000,
  3800,           0.9838000,       -1192.9480000,
  3801,           0.9838010,       -1192.9130000,
  3802,           0.9838020,       -1192.8770000,
  3803,           0.9838030,       -1192.8443000,
  3804,           0.9838040,       -1192.8090000,
  3805,           0.9838050,       -1192.7742000,
  3806,           0.9838060,       -1192.7382000,
  3807,           0.9838070,       -1192.7040000,
  3808,           0.9838080,       -1192.6701000,
  3809,           0.9838090,       -1192.6352000,
  3810,           0.9838100,       -1192.5982000,
  3811,           0.9838110,       -1192.5634000,
  3812,           0.9838120,       -1192.5302000,
  3813,           0.9838130,       -1192.4960000,
  3814,           0.9838140,       -1192.4610000,
  3815,           0.9838150,       -1192.4250000,
  3816,           0.9838160,       -1192.3910000,
  3817,           0.9838170,       -1192.3570000,
  3818,           0.9838180,       -1192.3220000,
  3819,           0.9838190,       -1192.2861000,
  3820,           0.9838200,       -1192.2523000,
  3821,           0.9838210,       -1192.2182000,
  3822,           0.9838220,       -1192.1834000,
  3823,           0.9838230,       -1192.1480000,
  3824,           0.9838240,       -1192.1124000,
  3825,           0.9838250,       -1192.0780000,
  3826,           0.9838260,       -1192.0440000,
  3827,           0.9838270,       -1192.0091000,
  3828,           0.9838280,       -1191.9730000,
  3829,           0.9838290,       -1191.9393000,
  3830,           0.9838300,       -1191.9050000,
  3831,           0.9838310,       -1191.8702000,
  3832,           0.9838320,       -1191.8350000,
  3833,           0.9838330,       -1191.8000000,
  3834,           0.9838340,       -1191.7640000,
  3835,           0.9838350,       -1191.7310000,
  3836,           0.9838360,       -1191.6970000,
  3837,           0.9838370,       -1191.6612000,
  3838,           0.9838380,       -1191.6263000,
  3839,           0.9838390,       -1191.5930000,
  3840,           0.9838400,       -1191.5580000,
  3841,           0.9838410,       -1191.5220000,
  3842,           0.9838420,       -1191.4870000,
  3843,           0.9838430,       -1191.4510000,
  3844,           0.9838440,       -1191.4183000,
  3845,           0.9838450,       -1191.3822000,
  3846,           0.9838460,       -1191.3480000,
  3847,           0.9838470,       -1191.3130000,
  3848,           0.9838480,       -1191.2800000,
  3849,           0.9838490,       -1191.2450000,
  3850,           0.9838500,       -1191.2090000,
  3851,           0.9838510,       -1191.1741000,
  3852,           0.9838520,       -1191.1380000,
  3853,           0.9838530,       -1191.1060000,
  3854,           0.9838540,       -1191.0703000,
  3855,           0.9838550,       -1191.0360000,
  3856,           0.9838560,       -1191.0000000,
  3857,           0.9838570,       -1190.9670000,
  3858,           0.9838580,       -1190.9310000,
  3859,           0.9838590,       -1190.8960000,
  3860,           0.9838600,       -1190.8620000,
  3861,           0.9838610,       -1190.8250000,
  3862,           0.9838620,       -1190.7924000,
  3863,           0.9838630,       -1190.7570000,
  3864,           0.9838640,       -1190.7224000,
  3865,           0.9838650,       -1190.6862000,
  3866,           0.9838660,       -1190.6542000,
  3867,           0.9838670,       -1190.6184000,
  3868,           0.9838680,       -1190.5840000,
  3869,           0.9838690,       -1190.5480000,
  3870,           0.9838700,       -1190.5130000,
  3871,           0.9838710,       -1190.4790000,
  3872,           0.9838720,       -1190.4450000,
  3873,           0.9838730,       -1190.4110000,
  3874,           0.9838740,       -1190.3741000,
  3875,           0.9838750,       -1190.3420000,
  3876,           0.9838760,       -1190.3060000,
  3877,           0.9838770,       -1190.2713000,
  3878,           0.9838780,       -1190.2354000,
  3879,           0.9838790,       -1190.2003000,
  3880,           0.9838800,       -1190.1670000,
  3881,           0.9838810,       -1190.1330000,
  3882,           0.9838820,       -1190.0970000,
  3883,           0.9838830,       -1190.0620000,
  3884,           0.9838840,       -1190.0291000,
  3885,           0.9838850,       -1189.9934000,
  3886,           0.9838860,       -1189.9582000,
  3887,           0.9838870,       -1189.9222000,
  3888,           0.9838880,       -1189.8902000,
  3889,           0.9838890,       -1189.8541000,
  3890,           0.9838900,       -1189.8200000,
  3891,           0.9838910,       -1189.7833000,
  3892,           0.9838920,       -1189.7492000,
  3893,           0.9838930,       -1189.7154000,
  3894,           0.9838940,       -1189.6810000,
  3895,           0.9838950,       -1189.6450000,
  3896,           0.9838960,       -1189.6101000,
  3897,           0.9838970,       -1189.5780000,
  3898,           0.9838980,       -1189.5410000,
  3899,           0.9838990,       -1189.5074000,
  3900,           0.9839000,       -1189.4710000,
  3901,           0.9839010,       -1189.4362000,
  3902,           0.9839020,       -1189.4031000,
  3903,           0.9839030,       -1189.3682000,
  3904,           0.9839040,       -1189.3320000,
  3905,           0.9839050,       -1189.2973000,
  3906,           0.9839060,       -1189.2640000,
  3907,           0.9839070,       -1189.2290000,
  3908,           0.9839080,       -1189.1940000,
  3909,           0.9839090,       -1189.1594000,
  3910,           0.9839100,       -1189.1242000,
  3911,           0.9839110,       -1189.0910000,
  3912,           0.9839120,       -1189.0560000,
  3913,           0.9839130,       -1189.0200000,
  3914,           0.9839140,       -1188.9852000,
  3915,           0.9839150,       -1188.9520000,
  3916,           0.9839160,       -1188.9170000,
  3917,           0.9839170,       -1188.8820000,
  3918,           0.9839180,       -1188.8474000,
  3919,           0.9839190,       -1188.8110000,
  3920,           0.9839200,       -1188.7780000,
  3921,           0.9839210,       -1188.7434000,
  3922,           0.9839220,       -1188.7080000,
  3923,           0.9839230,       -1188.6730000,
  3924,           0.9839240,       -1188.6392000,
  3925,           0.9839250,       -1188.6042000,
  3926,           0.9839260,       -1188.5682000,
  3927,           0.9839270,       -1188.5343000,
  3928,           0.9839280,       -1188.4984000,
  3929,           0.9839290,       -1188.4660000,
  3930,           0.9839300,       -1188.4300000,
  3931,           0.9839310,       -1188.3950000,
  3932,           0.9839320,       -1188.3593000,
  3933,           0.9839330,       -1188.3270000,
  3934,           0.9839340,       -1188.2920000,
  3935,           0.9839350,       -1188.2560000,
  3936,           0.9839360,       -1188.2210000,
  3937,           0.9839370,       -1188.1860000,
  3938,           0.9839380,       -1188.1533000,
  3939,           0.9839390,       -1188.1174000,
  3940,           0.9839400,       -1188.0822000,
  3941,           0.9839410,       -1188.0470000,
  3942,           0.9839420,       -1188.0140000,
  3943,           0.9839430,       -1187.9781000,
  3944,           0.9839440,       -1187.9433000,
  3945,           0.9839450,       -1187.9073000,
  3946,           0.9839460,       -1187.8740000,
  3947,           0.9839470,       -1187.8414000,
  3948,           0.9839480,       -1187.8050000,
  3949,           0.9839490,       -1187.7701000,
  3950,           0.9839500,       -1187.7344000,
  3951,           0.9839510,       -1187.7021000,
  3952,           0.9839520,       -1187.6660000,
  3953,           0.9839530,       -1187.6314000,
  3954,           0.9839540,       -1187.5953000,
  3955,           0.9839550,       -1187.5610000,
  3956,           0.9839560,       -1187.5270000,
  3957,           0.9839570,       -1187.4930000,
  3958,           0.9839580,       -1187.4570000,
  3959,           0.9839590,       -1187.4220000,
  3960,           0.9839600,       -1187.3900000,
  3961,           0.9839610,       -1187.3540000,
  3962,           0.9839620,       -1187.3190000,
  3963,           0.9839630,       -1187.2834000,
  3964,           0.9839640,       -1187.2490000,
  3965,           0.9839650,       -1187.2143000,
  3966,           0.9839660,       -1187.1804000,
  3967,           0.9839670,       -1187.1444000,
  3968,           0.9839680,       -1187.1100000,
  3969,           0.9839690,       -1187.0760000,
  3970,           0.9839700,       -1187.0410000,
  3971,           0.9839710,       -1187.0050000,
  3972,           0.9839720,       -1186.9703000,
  3973,           0.9839730,       -1186.9360000,
  3974,           0.9839740,       -1186.9020000,
  3975,           0.9839750,       -1186.8670000,
  3976,           0.9839760,       -1186.8321000,
  3977,           0.9839770,       -1186.7972000,
  3978,           0.9839780,       -1186.7640000,
  3979,           0.9839790,       -1186.7290000,
  3980,           0.9839800,       -1186.6932000,
  3981,           0.9839810,       -1186.6590000,
  3982,           0.9839820,       -1186.6230000,
  3983,           0.9839830,       -1186.5903000,
  3984,           0.9839840,       -1186.5540000,
  3985,           0.9839850,       -1186.5200000,
  3986,           0.9839860,       -1186.4860000,
  3987,           0.9839870,       -1186.4520000,
  3988,           0.9839880,       -1186.4173000,
  3989,           0.9839890,       -1186.3814000,
  3990,           0.9839900,       -1186.3470000,
  3991,           0.9839910,       -1186.3110000,
  3992,           0.9839920,       -1186.2780000,
  3993,           0.9839930,       -1186.2420000,
  3994,           0.9839940,       -1186.2072000,
  3995,           0.9839950,       -1186.1720000,
  3996,           0.9839960,       -1186.1390000,
  3997,           0.9839970,       -1186.1040000,
  3998,           0.9839980,       -1186.0690000,
  3999,           0.9839990,       -1186.0344000,
  4000,           0.9840000,       -1185.9982000,
  4001,           0.9840010,       -1185.9660000,
  4002,           0.9840020,       -1185.9294000,
  4003,           0.9840030,       -1185.8960000,
  4004,           0.9840040,       -1185.8600000,
  4005,           0.9840050,       -1185.8264000,
  4006,           0.9840060,       -1185.7910000,
  4007,           0.9840070,       -1185.7563000,
  4008,           0.9840080,       -1185.7210000,
  4009,           0.9840090,       -1185.6861000,
  4010,           0.9840100,       -1185.6524000,
  4011,           0.9840110,       -1185.6180000,
  4012,           0.9840120,       -1185.5820000,
  4013,           0.9840130,       -1185.5473000,
  4014,           0.9840140,       -1185.5150000,
  4015,           0.9840150,       -1185.4790000,
  4016,           0.9840160,       -1185.4444000,
  4017,           0.9840170,       -1185.4090000,
  4018,           0.9840180,       -1185.3742000,
  4019,           0.9840190,       -1185.3410000,
  4020,           0.9840200,       -1185.3060000,
  4021,           0.9840210,       -1185.2701000,
  4022,           0.9840220,       -1185.2360000,
  4023,           0.9840230,       -1185.2020000,
  4024,           0.9840240,       -1185.1674000,
  4025,           0.9840250,       -1185.1320000,
  4026,           0.9840260,       -1185.0970000,
  4027,           0.9840270,       -1185.0620000,
  4028,           0.9840280,       -1185.0290000,
  4029,           0.9840290,       -1184.9940000,
  4030,           0.9840300,       -1184.9580000,
  4031,           0.9840310,       -1184.9230000,
  4032,           0.9840320,       -1184.8900000,
  4033,           0.9840330,       -1184.8550000,
  4034,           0.9840340,       -1184.8190000,
  4035,           0.9840350,       -1184.7850000,
  4036,           0.9840360,       -1184.7484000,
  4037,           0.9840370,       -1184.7160000,
  4038,           0.9840380,       -1184.6804000,
  4039,           0.9840390,       -1184.6470000,
  4040,           0.9840400,       -1184.6102000,
  4041,           0.9840410,       -1184.5780000,
  4042,           0.9840420,       -1184.5430000,
  4043,           0.9840430,       -1184.5070000,
  4044,           0.9840440,       -1184.4720000,
  4045,           0.9840450,       -1184.4362000,
  4046,           0.9840460,       -1184.4040000,
  4047,           0.9840470,       -1184.3680000,
  4048,           0.9840480,       -1184.3332000,
  4049,           0.9840490,       -1184.2980000,
  4050,           0.9840500,       -1184.2650000,
  4051,           0.9840510,       -1184.2300000,
  4052,           0.9840520,       -1184.1950000,
  4053,           0.9840530,       -1184.1590000,
  4054,           0.9840540,       -1184.1240000,
  4055,           0.9840550,       -1184.0930000,
  4056,           0.9840560,       -1184.0562000,
  4057,           0.9840570,       -1184.0220000,
  4058,           0.9840580,       -1183.9860000,
  4059,           0.9840590,       -1183.9533000,
  4060,           0.9840600,       -1183.9173000,
  4061,           0.9840610,       -1183.8840000,
  4062,           0.9840620,       -1183.8480000,
  4063,           0.9840630,       -1183.8130000,
  4064,           0.9840640,       -1183.7794000,
  4065,           0.9840650,       -1183.7450000,
  4066,           0.9840660,       -1183.7082000,
  4067,           0.9840670,       -1183.6740000,
  4068,           0.9840680,       -1183.6400000,
  4069,           0.9840690,       -1183.6053000,
  4070,           0.9840700,       -1183.5710000,
  4071,           0.9840710,       -1183.5352000,
  4072,           0.9840720,       -1183.5010000,
  4073,           0.9840730,       -1183.4671000,
  4074,           0.9840740,       -1183.4330000,
  4075,           0.9840750,       -1183.3970000,
  4076,           0.9840760,       -1183.3620000,
  4077,           0.9840770,       -1183.3284000,
  4078,           0.9840780,       -1183.2940000,
  4079,           0.9840790,       -1183.2572000,
  4080,           0.9840800,       -1183.2230000,
  4081,           0.9840810,       -1183.1892000,
  4082,           0.9840820,       -1183.1550000,
  4083,           0.9840830,       -1183.1190000,
  4084,           0.9840840,       -1183.0842000,
  4085,           0.9840850,       -1183.0504000,
  4086,           0.9840860,       -1183.0161000,
  4087,           0.9840870,       -1182.9820000,
  4088,           0.9840880,       -1182.9461000,
  4089,           0.9840890,       -1182.9113000,
  4090,           0.9840900,       -1182.8780000,
  4091,           0.9840910,       -1182.8430000,
  4092,           0.9840920,       -1182.8070000,
  4093,           0.9840930,       -1182.7724000,
  4094,           0.9840940,       -1182.7364000,
  4095,           0.9840950,       -1182.7042000,
  4096,           0.9840960,       -1182.6684000,
  4097,           0.9840970,       -1182.6342000,
  4098,           0.9840980,       -1182.5980000,
  4099,           0.9840990,       -1182.5660000,
  4100,           0.9841000,       -1182.5320000,
  4101,           0.9841010,       -1182.4953000,
  4102,           0.9841020,       -1182.4610000,
  4103,           0.9841030,       -1182.4251000,
  4104,           0.9841040,       -1182.3922000,
  4105,           0.9841050,       -1182.3562000,
  4106,           0.9841060,       -1182.3220000,
  4107,           0.9841070,       -1182.2872000,
  4108,           0.9841080,       -1182.2530000,
  4109,           0.9841090,       -1182.2181000,
  4110,           0.9841100,       -1182.1840000,
  4111,           0.9841110,       -1182.1480000,
  4112,           0.9841120,       -1182.1130000,
  4113,           0.9841130,       -1182.0800000,
  4114,           0.9841140,       -1182.0451000,
  4115,           0.9841150,       -1182.0100000,
  4116,           0.9841160,       -1181.9742000,
  4117,           0.9841170,       -1181.9420000,
  4118,           0.9841180,       -1181.9060000,
  4119,           0.9841190,       -1181.8710000,
  4120,           0.9841200,       -1181.8361000,
  4121,           0.9841210,       -1181.8011000,
  4122,           0.9841220,       -1181.7670000,
  4123,           0.9841230,       -1181.7330000,
  4124,           0.9841240,       -1181.6973000,
  4125,           0.9841250,       -1181.6624000,
  4126,           0.9841260,       -1181.6290000,
  4127,           0.9841270,       -1181.5950000,
  4128,           0.9841280,       -1181.5590000,
  4129,           0.9841290,       -1181.5240000,
  4130,           0.9841300,       -1181.4892000,
  4131,           0.9841310,       -1181.4560000,
  4132,           0.9841320,       -1181.4210000,
  4133,           0.9841330,       -1181.3860000,
  4134,           0.9841340,       -1181.3511000,
  4135,           0.9841350,       -1181.3171000,
  4136,           0.9841360,       -1181.2830000,
  4137,           0.9841370,       -1181.2471000,
  4138,           0.9841380,       -1181.2120000,
  4139,           0.9841390,       -1181.1762000,
  4140,           0.9841400,       -1181.1440000,
  4141,           0.9841410,       -1181.1080000,
  4142,           0.9841420,       -1181.0734000,
  4143,           0.9841430,       -1181.0380000,
  4144,           0.9841440,       -1181.0051000,
  4145,           0.9841450,       -1180.9710000,
  4146,           0.9841460,       -1180.9360000,
  4147,           0.9841470,       -1180.9010000,
  4148,           0.9841480,       -1180.8650000,
  4149,           0.9841490,       -1180.8330000,
  4150,           0.9841500,       -1180.7970000,
  4151,           0.9841510,       -1180.7620000,
  4152,           0.9841520,       -1180.7260000,
  4153,           0.9841530,       -1180.6940000,
  4154,           0.9841540,       -1180.6573000,
  4155,           0.9841550,       -1180.6230000,
  4156,           0.9841560,       -1180.5874000,
  4157,           0.9841570,       -1180.5520000,
  4158,           0.9841580,       -1180.5200000,
  4159,           0.9841590,       -1180.4850000,
  4160,           0.9841600,       -1180.4503000,
  4161,           0.9841610,       -1180.4150000,
  4162,           0.9841620,       -1180.3820000,
  4163,           0.9841630,       -1180.3460000,
  4164,           0.9841640,       -1180.3120000,
  4165,           0.9841650,       -1180.2760000,
  4166,           0.9841660,       -1180.2412000,
  4167,           0.9841670,       -1180.2080000,
  4168,           0.9841680,       -1180.1733000,
  4169,           0.9841690,       -1180.1372000,
  4170,           0.9841700,       -1180.1030000,
  4171,           0.9841710,       -1180.0690000,
  4172,           0.9841720,       -1180.0350000,
  4173,           0.9841730,       -1179.9993000,
  4174,           0.9841740,       -1179.9650000,
  4175,           0.9841750,       -1179.9290000,
  4176,           0.9841760,       -1179.8962000,
  4177,           0.9841770,       -1179.8620000,
  4178,           0.9841780,       -1179.8254000,
  4179,           0.9841790,       -1179.7910000,
  4180,           0.9841800,       -1179.7580000,
  4181,           0.9841810,       -1179.7232000,
  4182,           0.9841820,       -1179.6871000,
  4183,           0.9841830,       -1179.6523000,
  4184,           0.9841840,       -1179.6180000,
  4185,           0.9841850,       -1179.5843000,
  4186,           0.9841860,       -1179.5490000,
  4187,           0.9841870,       -1179.5140000,
  4188,           0.9841880,       -1179.4790000,
  4189,           0.9841890,       -1179.4460000,
  4190,           0.9841900,       -1179.4102000,
  4191,           0.9841910,       -1179.3760000,
  4192,           0.9841920,       -1179.3410000,
  4193,           0.9841930,       -1179.3050000,
  4194,           0.9841940,       -1179.2730000,
  4195,           0.9841950,       -1179.2370000,
  4196,           0.9841960,       -1179.2022000,
  4197,           0.9841970,       -1179.1670000,
  4198,           0.9841980,       -1179.1343000,
  4199,           0.9841990,       -1179.0990000,
  4200,           0.9842000,       -1179.0650000,
  4201,           0.9842010,       -1179.0283000,
  4202,           0.9842020,       -1178.9940000,
  4203,           0.9842030,       -1178.9610000,
  4204,           0.9842040,       -1178.9254000,
  4205,           0.9842050,       -1178.8900000,
  4206,           0.9842060,       -1178.8553000,
  4207,           0.9842070,       -1178.8220000,
  4208,           0.9842080,       -1178.7873000,
  4209,           0.9842090,       -1178.7530000,
  4210,           0.9842100,       -1178.7170000,
  4211,           0.9842110,       -1178.6820000,
  4212,           0.9842120,       -1178.6484000,
  4213,           0.9842130,       -1178.6140000,
  4214,           0.9842140,       -1178.5790000,
  4215,           0.9842150,       -1178.5440000,
  4216,           0.9842160,       -1178.5102000,
  4217,           0.9842170,       -1178.4760000,
  4218,           0.9842180,       -1178.4400000,
  4219,           0.9842190,       -1178.4052000,
  4220,           0.9842200,       -1178.3691000,
  4221,           0.9842210,       -1178.3370000,
  4222,           0.9842220,       -1178.3020000,
  4223,           0.9842230,       -1178.2664000,
  4224,           0.9842240,       -1178.2310000,
  4225,           0.9842250,       -1178.1982000,
  4226,           0.9842260,       -1178.1641000,
  4227,           0.9842270,       -1178.1280000,
  4228,           0.9842280,       -1178.0943000,
  4229,           0.9842290,       -1178.0581000,
  4230,           0.9842300,       -1178.0260000,
  4231,           0.9842310,       -1177.9902000,
  4232,           0.9842320,       -1177.9552000,
  4233,           0.9842330,       -1177.9201000,
  4234,           0.9842340,       -1177.8873000,
  4235,           0.9842350,       -1177.8510000,
  4236,           0.9842360,       -1177.8171000,
  4237,           0.9842370,       -1177.7810000,
  4238,           0.9842380,       -1177.7463000,
  4239,           0.9842390,       -1177.7133000,
  4240,           0.9842400,       -1177.6790000,
  4241,           0.9842410,       -1177.6430000,
  4242,           0.9842420,       -1177.6082000,
  4243,           0.9842430,       -1177.5744000,
  4244,           0.9842440,       -1177.5401000,
  4245,           0.9842450,       -1177.5061000,
  4246,           0.9842460,       -1177.4700000,
  4247,           0.9842470,       -1177.4360000,
  4248,           0.9842480,       -1177.4020000,
  4249,           0.9842490,       -1177.3670000,
  4250,           0.9842500,       -1177.3312000,
  4251,           0.9842510,       -1177.2970000,
  4252,           0.9842520,       -1177.2630000,
  4253,           0.9842530,       -1177.2290000,
  4254,           0.9842540,       -1177.1930000,
  4255,           0.9842550,       -1177.1582000,
  4256,           0.9842560,       -1177.1230000,
  4257,           0.9842570,       -1177.0900000,
  4258,           0.9842580,       -1177.0540000,
  4259,           0.9842590,       -1177.0201000,
  4260,           0.9842600,       -1176.9842000,
  4261,           0.9842610,       -1176.9520000,
  4262,           0.9842620,       -1176.9172000,
  4263,           0.9842630,       -1176.8814000,
  4264,           0.9842640,       -1176.8470000,
  4265,           0.9842650,       -1176.8120000,
  4266,           0.9842660,       -1176.7790000,
  4267,           0.9842670,       -1176.7430000,
  4268,           0.9842680,       -1176.7084000,
  4269,           0.9842690,       -1176.6730000,
  4270,           0.9842700,       -1176.6400000,
  4271,           0.9842710,       -1176.6050000,
  4272,           0.9842720,       -1176.5700000,
  4273,           0.9842730,       -1176.5340000,
  4274,           0.9842740,       -1176.5002000,
  4275,           0.9842750,       -1176.4670000,
  4276,           0.9842760,       -1176.4320000,
  4277,           0.9842770,       -1176.3962000,
  4278,           0.9842780,       -1176.3620000,
  4279,           0.9842790,       -1176.3291000,
  4280,           0.9842800,       -1176.2940000,
  4281,           0.9842810,       -1176.2590000,
  4282,           0.9842820,       -1176.2233000,
  4283,           0.9842830,       -1176.1911000,
  4284,           0.9842840,       -1176.1550000,
  4285,           0.9842850,       -1176.1202000,
  4286,           0.9842860,       -1176.0850000,
  4287,           0.9842870,       -1176.0500000,
  4288,           0.9842880,       -1176.0164000,
  4289,           0.9842890,       -1175.9820000,
  4290,           0.9842900,       -1175.9462000,
  4291,           0.9842910,       -1175.9122000,
  4292,           0.9842920,       -1175.8790000,
  4293,           0.9842930,       -1175.8441000,
  4294,           0.9842940,       -1175.8082000,
  4295,           0.9842950,       -1175.7740000,
  4296,           0.9842960,       -1175.7380000,
  4297,           0.9842970,       -1175.7053000,
  4298,           0.9842980,       -1175.6702000,
  4299,           0.9842990,       -1175.6350000,
  4300,           0.9843000,       -1175.6010000,
  4301,           0.9843010,       -1175.5670000,
  4302,           0.9843020,       -1175.5324000,
  4303,           0.9843030,       -1175.4964000,
  4304,           0.9843040,       -1175.4620000,
  4305,           0.9843050,       -1175.4260000,
  4306,           0.9843060,       -1175.3940000,
  4307,           0.9843070,       -1175.3580000,
  4308,           0.9843080,       -1175.3232000,
  4309,           0.9843090,       -1175.2883000,
  4310,           0.9843100,       -1175.2563000,
  4311,           0.9843110,       -1175.2204000,
  4312,           0.9843120,       -1175.1860000,
  4313,           0.9843130,       -1175.1500000,
  4314,           0.9843140,       -1175.1151000,
  4315,           0.9843150,       -1175.0820000,
  4316,           0.9843160,       -1175.0480000,
  4317,           0.9843170,       -1175.0124000,
  4318,           0.9843180,       -1174.9771000,
  4319,           0.9843190,       -1174.9450000,
  4320,           0.9843200,       -1174.9090000,
  4321,           0.9843210,       -1174.8740000,
  4322,           0.9843220,       -1174.8390000,
  4323,           0.9843230,       -1174.8040000,
  4324,           0.9843240,       -1174.7703000,
  4325,           0.9843250,       -1174.7360000,
  4326,           0.9843260,       -1174.7010000,
  4327,           0.9843270,       -1174.6662000,
  4328,           0.9843280,       -1174.6330000,
  4329,           0.9843290,       -1174.5980000,
  4330,           0.9843300,       -1174.5620000,
  4331,           0.9843310,       -1174.5280000,
  4332,           0.9843320,       -1174.4920000,
  4333,           0.9843330,       -1174.4593000,
  4334,           0.9843340,       -1174.4240000,
  4335,           0.9843350,       -1174.3890000,
  4336,           0.9843360,       -1174.3550000,
  4337,           0.9843370,       -1174.3210000,
  4338,           0.9843380,       -1174.2863000,
  4339,           0.9843390,       -1174.2510000,
  4340,           0.9843400,       -1174.2163000,
  4341,           0.9843410,       -1174.1810000,
  4342,           0.9843420,       -1174.1480000,
  4343,           0.9843430,       -1174.1121000,
  4344,           0.9843440,       -1174.0780000,
  4345,           0.9843450,       -1174.0422000,
  4346,           0.9843460,       -1174.0101000,
  4347,           0.9843470,       -1173.9750000,
  4348,           0.9843480,       -1173.9403000,
  4349,           0.9843490,       -1173.9041000,
  4350,           0.9843500,       -1173.8692000,
  4351,           0.9843510,       -1173.8363000,
  4352,           0.9843520,       -1173.8020000,
  4353,           0.9843530,       -1173.7660000,
  4354,           0.9843540,       -1173.7320000,
  4355,           0.9843550,       -1173.6980000,
  4356,           0.9843560,       -1173.6632000,
  4357,           0.9843570,       -1173.6290000,
  4358,           0.9843580,       -1173.5930000,
  4359,           0.9843590,       -1173.5590000,
  4360,           0.9843600,       -1173.5250000,
  4361,           0.9843610,       -1173.4902000,
  4362,           0.9843620,       -1173.4542000,
  4363,           0.9843630,       -1173.4201000,
  4364,           0.9843640,       -1173.3864000,
  4365,           0.9843650,       -1173.3520000,
  4366,           0.9843660,       -1173.3170000,
  4367,           0.9843670,       -1173.2820000,
  4368,           0.9843680,       -1173.2460000,
  4369,           0.9843690,       -1173.2141000,
  4370,           0.9843700,       -1173.1780000,
  4371,           0.9843710,       -1173.1442000,
  4372,           0.9843720,       -1173.1080000,
  4373,           0.9843730,       -1173.0760000,
  4374,           0.9843740,       -1173.0400000,
  4375,           0.9843750,       -1173.0060000,
  4376,           0.9843760,       -1172.9710000,
  4377,           0.9843770,       -1172.9353000,
  4378,           0.9843780,       -1172.9030000,
  4379,           0.9843790,       -1172.8670000,
  4380,           0.9843800,       -1172.8330000,
  4381,           0.9843810,       -1172.7970000,
  4382,           0.9843820,       -1172.7644000,
  4383,           0.9843830,       -1172.7290000,
  4384,           0.9843840,       -1172.6943000,
  4385,           0.9843850,       -1172.6593000,
  4386,           0.9843860,       -1172.6250000,
  4387,           0.9843870,       -1172.5910000,
  4388,           0.9843880,       -1172.5570000,
  4389,           0.9843890,       -1172.5210000,
  4390,           0.9843900,       -1172.4860000,
  4391,           0.9843910,       -1172.4530000,
  4392,           0.9843920,       -1172.4190000,
  4393,           0.9843930,       -1172.3824000,
  4394,           0.9843940,       -1172.3481000,
  4395,           0.9843950,       -1172.3120000,
  4396,           0.9843960,       -1172.2802000,
  4397,           0.9843970,       -1172.2460000,
  4398,           0.9843980,       -1172.2100000,
  4399,           0.9843990,       -1172.1754000,
  4400,           0.9844000,       -1172.1420000,
  4401,           0.9844010,       -1172.1070000,
  4402,           0.9844020,       -1172.0712000,
  4403,           0.9844030,       -1172.0370000,
  4404,           0.9844040,       -1172.0010000,
  4405,           0.9844050,       -1171.9690000,
  4406,           0.9844060,       -1171.9330000,
  4407,           0.9844070,       -1171.8984000,
  4408,           0.9844080,       -1171.8640000,
  4409,           0.9844090,       -1171.8312000,
  4410,           0.9844100,       -1171.7960000,
  4411,           0.9844110,       -1171.7610000,
  4412,           0.9844120,       -1171.7250000,
  4413,           0.9844130,       -1171.6910000,
  4414,           0.9844140,       -1171.6570000,
  4415,           0.9844150,       -1171.6224000,
  4416,           0.9844160,       -1171.5870000,
  4417,           0.9844170,       -1171.5521000,
  4418,           0.9844180,       -1171.5200000,
  4419,           0.9844190,       -1171.4841000,
  4420,           0.9844200,       -1171.4500000,
  4421,           0.9844210,       -1171.4143000,
  4422,           0.9844220,       -1171.3793000,
  4423,           0.9844230,       -1171.3461000,
  4424,           0.9844240,       -1171.3120000,
  4425,           0.9844250,       -1171.2760000,
  4426,           0.9844260,       -1171.2412000,
  4427,           0.9844270,       -1171.2080000,
  4428,           0.9844280,       -1171.1730000,
  4429,           0.9844290,       -1171.1372000,
  4430,           0.9844300,       -1171.1030000,
  4431,           0.9844310,       -1171.0680000,
  4432,           0.9844320,       -1171.0350000,
  4433,           0.9844330,       -1171.0000000,
  4434,           0.9844340,       -1170.9660000,
  4435,           0.9844350,       -1170.9291000,
  4436,           0.9844360,       -1170.8980000,
  4437,           0.9844370,       -1170.8614000,
  4438,           0.9844380,       -1170.8270000,
  4439,           0.9844390,       -1170.7910000,
  4440,           0.9844400,       -1170.7570000,
  4441,           0.9844410,       -1170.7241000,
  4442,           0.9844420,       -1170.6890000,
  4443,           0.9844430,       -1170.6540000,
  4444,           0.9844440,       -1170.6184000,
  4445,           0.9844450,       -1170.5861000,
  4446,           0.9844460,       -1170.5510000,
  4447,           0.9844470,       -1170.5162000,
  4448,           0.9844480,       -1170.4802000,
  4449,           0.9844490,       -1170.4460000,
  4450,           0.9844500,       -1170.4124000,
  4451,           0.9844510,       -1170.3780000,
  4452,           0.9844520,       -1170.3420000,
  4453,           0.9844530,       -1170.3080000,
  4454,           0.9844540,       -1170.2740000,
  4455,           0.9844550,       -1170.2400000,
  4456,           0.9844560,       -1170.2050000,
  4457,           0.9844570,       -1170.1700000,
  4458,           0.9844580,       -1170.1342000,
  4459,           0.9844590,       -1170.1020000,
  4460,           0.9844600,       -1170.0670000,
  4461,           0.9844610,       -1170.0320000,
  4462,           0.9844620,       -1169.9954000,
  4463,           0.9844630,       -1169.9640000,
  4464,           0.9844640,       -1169.9291000,
  4465,           0.9844650,       -1169.8931000,
  4466,           0.9844660,       -1169.8590000,
  4467,           0.9844670,       -1169.8230000,
  4468,           0.9844680,       -1169.7911000,
  4469,           0.9844690,       -1169.7554000,
  4470,           0.9844700,       -1169.7210000,
  4471,           0.9844710,       -1169.6851000,
  4472,           0.9844720,       -1169.6531000,
  4473,           0.9844730,       -1169.6173000,
  4474,           0.9844740,       -1169.5830000,
  4475,           0.9844750,       -1169.5470000,
  4476,           0.9844760,       -1169.5142000,
  4477,           0.9844770,       -1169.4790000,
  4478,           0.9844780,       -1169.4450000,
  4479,           0.9844790,       -1169.4090000,
  4480,           0.9844800,       -1169.3750000,
  4481,           0.9844810,       -1169.3410000,
  4482,           0.9844820,       -1169.3061000,
  4483,           0.9844830,       -1169.2703000,
  4484,           0.9844840,       -1169.2370000,
  4485,           0.9844850,       -1169.2034000,
  4486,           0.9844860,       -1169.1684000,
  4487,           0.9844870,       -1169.1350000,
  4488,           0.9844880,       -1169.0990000,
  4489,           0.9844890,       -1169.0643000,
  4490,           0.9844900,       -1169.0310000,
  4491,           0.9844910,       -1168.9970000,
  4492,           0.9844920,       -1168.9603000,
  4493,           0.9844930,       -1168.9261000,
  4494,           0.9844940,       -1168.8930000,
  4495,           0.9844950,       -1168.8580000,
  4496,           0.9844960,       -1168.8222000,
  4497,           0.9844970,       -1168.7880000,
  4498,           0.9844980,       -1168.7520000,
  4499,           0.9844990,       -1168.7200000,
  4500,           0.9845000,       -1168.6840000,
  4501,           0.9845010,       -1168.6500000,
  4502,           0.9845020,       -1168.6140000,
  4503,           0.9845030,       -1168.5820000,
  4504,           0.9845040,       -1168.5460000,
  4505,           0.9845050,       -1168.5113000,
  4506,           0.9845060,       -1168.4760000,
  4507,           0.9845070,       -1168.4420000,
  4508,           0.9845080,       -1168.4080000,
  4509,           0.9845090,       -1168.3732000,
  4510,           0.9845100,       -1168.3380000,
  4511,           0.9845110,       -1168.3034000,
  4512,           0.9845120,       -1168.2694000,
  4513,           0.9845130,       -1168.2353000,
  4514,           0.9845140,       -1168.2003000,
  4515,           0.9845150,       -1168.1660000,
  4516,           0.9845160,       -1168.1313000,
  4517,           0.9845170,       -1168.0980000,
  4518,           0.9845180,       -1168.0633000,
  4519,           0.9845190,       -1168.0280000,
  4520,           0.9845200,       -1167.9930000,
  4521,           0.9845210,       -1167.9600000,
  4522,           0.9845220,       -1167.9260000,
  4523,           0.9845230,       -1167.8900000,
  4524,           0.9845240,       -1167.8550000,
  4525,           0.9845250,       -1167.8200000,
  4526,           0.9845260,       -1167.7871000,
  4527,           0.9845270,       -1167.7514000,
  4528,           0.9845280,       -1167.7170000,
  4529,           0.9845290,       -1167.6810000,
  4530,           0.9845300,       -1167.6490000,
  4531,           0.9845310,       -1167.6130000,
  4532,           0.9845320,       -1167.5790000,
  4533,           0.9845330,       -1167.5430000,
  4534,           0.9845340,       -1167.5090000,
  4535,           0.9845350,       -1167.4750000,
  4536,           0.9845360,       -1167.4410000,
  4537,           0.9845370,       -1167.4050000,
  4538,           0.9845380,       -1167.3704000,
  4539,           0.9845390,       -1167.3390000,
  4540,           0.9845400,       -1167.3024000,
  4541,           0.9845410,       -1167.2684000,
  4542,           0.9845420,       -1167.2331000,
  4543,           0.9845430,       -1167.1981000,
  4544,           0.9845440,       -1167.1650000,
  4545,           0.9845450,       -1167.1302000,
  4546,           0.9845460,       -1167.0942000,
  4547,           0.9845470,       -1167.0600000,
  4548,           0.9845480,       -1167.0263000,
  4549,           0.9845490,       -1166.9923000,
  4550,           0.9845500,       -1166.9570000,
  4551,           0.9845510,       -1166.9230000,
  4552,           0.9845520,       -1166.8870000,
  4553,           0.9845530,       -1166.8550000,
  4554,           0.9845540,       -1166.8190000,
  4555,           0.9845550,       -1166.7850000,
  4556,           0.9845560,       -1166.7491000,
  4557,           0.9845570,       -1166.7170000,
  4558,           0.9845580,       -1166.6810000,
  4559,           0.9845590,       -1166.6470000,
  4560,           0.9845600,       -1166.6110000,
  4561,           0.9845610,       -1166.5770000,
  4562,           0.9845620,       -1166.5432000,
  4563,           0.9845630,       -1166.5092000,
  4564,           0.9845640,       -1166.4733000,
  4565,           0.9845650,       -1166.4390000,
  4566,           0.9845660,       -1166.4064000,
  4567,           0.9845670,       -1166.3704000,
  4568,           0.9845680,       -1166.3360000,
  4569,           0.9845690,       -1166.3002000,
  4570,           0.9845700,       -1166.2660000,
  4571,           0.9845710,       -1166.2330000,
  4572,           0.9845720,       -1166.1980000,
  4573,           0.9845730,       -1166.1620000,
  4574,           0.9845740,       -1166.1280000,
  4575,           0.9845750,       -1166.0950000,
  4576,           0.9845760,       -1166.0604000,
  4577,           0.9845770,       -1166.0241000,
  4578,           0.9845780,       -1165.9900000,
  4579,           0.9845790,       -1165.9540000,
  4580,           0.9845800,       -1165.9220000,
  4581,           0.9845810,       -1165.8861000,
  4582,           0.9845820,       -1165.8520000,
  4583,           0.9845830,       -1165.8161000,
  4584,           0.9845840,       -1165.7840000,
  4585,           0.9845850,       -1165.7482000,
  4586,           0.9845860,       -1165.7142000,
  4587,           0.9845870,       -1165.6784000,
  4588,           0.9845880,       -1165.6440000,
  4589,           0.9845890,       -1165.6110000,
  4590,           0.9845900,       -1165.5762000,
  4591,           0.9845910,       -1165.5402000,
  4592,           0.9845920,       -1165.5060000,
  4593,           0.9845930,       -1165.4724000,
  4594,           0.9845940,       -1165.4382000,
  4595,           0.9845950,       -1165.4040000,
  4596,           0.9845960,       -1165.3690000,
  4597,           0.9845970,       -1165.3344000,
  4598,           0.9845980,       -1165.3010000,
  4599,           0.9845990,       -1165.2662000,
  4600,           0.9846000,       -1165.2310000,
  4601,           0.9846010,       -1165.1961000,
  4602,           0.9846020,       -1165.1630000,
  4603,           0.9846030,       -1165.1290000,
  4604,           0.9846040,       -1165.0931000,
  4605,           0.9846050,       -1165.0580000,
  4606,           0.9846060,       -1165.0220000,
  4607,           0.9846070,       -1164.9902000,
  4608,           0.9846080,       -1164.9543000,
  4609,           0.9846090,       -1164.9204000,
  4610,           0.9846100,       -1164.8843000,
  4611,           0.9846110,       -1164.8522000,
  4612,           0.9846120,       -1164.8170000,
  4613,           0.9846130,       -1164.7823000,
  4614,           0.9846140,       -1164.7470000,
  4615,           0.9846150,       -1164.7120000,
  4616,           0.9846160,       -1164.6783000,
  4617,           0.9846170,       -1164.6440000,
  4618,           0.9846180,       -1164.6090000,
  4619,           0.9846190,       -1164.5740000,
  4620,           0.9846200,       -1164.5410000,
  4621,           0.9846210,       -1164.5062000,
  4622,           0.9846220,       -1164.4710000,
  4623,           0.9846230,       -1164.4370000,
  4624,           0.9846240,       -1164.4020000,
  4625,           0.9846250,       -1164.3682000,
  4626,           0.9846260,       -1164.3344000,
  4627,           0.9846270,       -1164.2980000,
  4628,           0.9846280,       -1164.2640000,
  4629,           0.9846290,       -1164.2304000,
  4630,           0.9846300,       -1164.1962000,
  4631,           0.9846310,       -1164.1610000,
  4632,           0.9846320,       -1164.1263000,
  4633,           0.9846330,       -1164.0904000,
  4634,           0.9846340,       -1164.0581000,
  4635,           0.9846350,       -1164.0230000,
  4636,           0.9846360,       -1163.9890000,
  4637,           0.9846370,       -1163.9530000,
  4638,           0.9846380,       -1163.9210000,
  4639,           0.9846390,       -1163.8850000,
  4640,           0.9846400,       -1163.8510000,
  4641,           0.9846410,       -1163.8150000,
  4642,           0.9846420,       -1163.7801000,
  4643,           0.9846430,       -1163.7470000,
  4644,           0.9846440,       -1163.7124000,
  4645,           0.9846450,       -1163.6770000,
  4646,           0.9846460,       -1163.6424000,
  4647,           0.9846470,       -1163.6090000,
  4648,           0.9846480,       -1163.5744000,
  4649,           0.9846490,       -1163.5390000,
  4650,           0.9846500,       -1163.5050000,
  4651,           0.9846510,       -1163.4700000,
  4652,           0.9846520,       -1163.4370000,
  4653,           0.9846530,       -1163.4010000,
  4654,           0.9846540,       -1163.3670000,
  4655,           0.9846550,       -1163.3320000,
  4656,           0.9846560,       -1163.2990000,
  4657,           0.9846570,       -1163.2650000,
  4658,           0.9846580,       -1163.2292000,
  4659,           0.9846590,       -1163.1950000,
  4660,           0.9846600,       -1163.1600000,
  4661,           0.9846610,       -1163.1273000,
  4662,           0.9846620,       -1163.0920000,
  4663,           0.9846630,       -1163.0570000,
  4664,           0.9846640,       -1163.0220000,
  4665,           0.9846650,       -1162.9900000,
  4666,           0.9846660,       -1162.9540000,
  4667,           0.9846670,       -1162.9200000,
  4668,           0.9846680,       -1162.8840000,
  4669,           0.9846690,       -1162.8500000,
  4670,           0.9846700,       -1162.8160000,
  4671,           0.9846710,       -1162.7820000,
  4672,           0.9846720,       -1162.7462000,
  4673,           0.9846730,       -1162.7120000,
  4674,           0.9846740,       -1162.6781000,
  4675,           0.9846750,       -1162.6440000,
  4676,           0.9846760,       -1162.6080000,
  4677,           0.9846770,       -1162.5740000,
  4678,           0.9846780,       -1162.5410000,
  4679,           0.9846790,       -1162.5060000,
  4680,           0.9846800,       -1162.4700000,
  4681,           0.9846810,       -1162.4360000,
  4682,           0.9846820,       -1162.4010000,
  4683,           0.9846830,       -1162.3682000,
  4684,           0.9846840,       -1162.3322000,
  4685,           0.9846850,       -1162.2980000,
  4686,           0.9846860,       -1162.2622000,
  4687,           0.9846870,       -1162.2302000,
  4688,           0.9846880,       -1162.1950000,
  4689,           0.9846890,       -1162.1601000,
  4690,           0.9846900,       -1162.1242000,
  4691,           0.9846910,       -1162.0903000,
  4692,           0.9846920,       -1162.0580000,
  4693,           0.9846930,       -1162.0230000,
  4694,           0.9846940,       -1161.9880000,
  4695,           0.9846950,       -1161.9523000,
  4696,           0.9846960,       -1161.9204000,
  4697,           0.9846970,       -1161.8843000,
  4698,           0.9846980,       -1161.8510000,
  4699,           0.9846990,       -1161.8150000,
  4700,           0.9847000,       -1161.7810000,
  4701,           0.9847010,       -1161.7471000,
  4702,           0.9847020,       -1161.7130000,
  4703,           0.9847030,       -1161.6770000,
  4704,           0.9847040,       -1161.6430000,
  4705,           0.9847050,       -1161.6092000,
  4706,           0.9847060,       -1161.5750000,
  4707,           0.9847070,       -1161.5394000,
  4708,           0.9847080,       -1161.5052000,
  4709,           0.9847090,       -1161.4693000,
  4710,           0.9847100,       -1161.4372000,
  4711,           0.9847110,       -1161.4013000,
  4712,           0.9847120,       -1161.3670000,
  4713,           0.9847130,       -1161.3320000,
  4714,           0.9847140,       -1161.2990000,
  4715,           0.9847150,       -1161.2633000,
  4716,           0.9847160,       -1161.2290000,
  4717,           0.9847170,       -1161.1940000,
  4718,           0.9847180,       -1161.1600000,
  4719,           0.9847190,       -1161.1260000,
  4720,           0.9847200,       -1161.0914000,
  4721,           0.9847210,       -1161.0560000,
  4722,           0.9847220,       -1161.0213000,
  4723,           0.9847230,       -1160.9880000,
  4724,           0.9847240,       -1160.9540000,
  4725,           0.9847250,       -1160.9183000,
  4726,           0.9847260,       -1160.8841000,
  4727,           0.9847270,       -1160.8481000,
  4728,           0.9847280,       -1160.8160000,
  4729,           0.9847290,       -1160.7801000,
  4730,           0.9847300,       -1160.7462000,
  4731,           0.9847310,       -1160.7121000,
  4732,           0.9847320,       -1160.6782000,
  4733,           0.9847330,       -1160.6440000,
  4734,           0.9847340,       -1160.6090000,
  4735,           0.9847350,       -1160.5740000,
  4736,           0.9847360,       -1160.5390000,
  4737,           0.9847370,       -1160.5060000,
  4738,           0.9847380,       -1160.4710000,
  4739,           0.9847390,       -1160.4364000,
  4740,           0.9847400,       -1160.4010000,
  4741,           0.9847410,       -1160.3690000,
  4742,           0.9847420,       -1160.3332000,
  4743,           0.9847430,       -1160.2991000,
  4744,           0.9847440,       -1160.2631000,
  4745,           0.9847450,       -1160.2290000,
  4746,           0.9847460,       -1160.1950000,
  4747,           0.9847470,       -1160.1612000,
  4748,           0.9847480,       -1160.1253000,
  4749,           0.9847490,       -1160.0910000,
  4750,           0.9847500,       -1160.0574000,
  4751,           0.9847510,       -1160.0240000,
  4752,           0.9847520,       -1159.9873000,
  4753,           0.9847530,       -1159.9532000,
  4754,           0.9847540,       -1159.9180000,
  4755,           0.9847550,       -1159.8851000,
  4756,           0.9847560,       -1159.8500000,
  4757,           0.9847570,       -1159.8153000,
  4758,           0.9847580,       -1159.7800000,
  4759,           0.9847590,       -1159.7480000,
  4760,           0.9847600,       -1159.7121000,
  4761,           0.9847610,       -1159.6780000,
  4762,           0.9847620,       -1159.6424000,
  4763,           0.9847630,       -1159.6082000,
  4764,           0.9847640,       -1159.5750000,
  4765,           0.9847650,       -1159.5404000,
  4766,           0.9847660,       -1159.5050000,
  4767,           0.9847670,       -1159.4700000,
  4768,           0.9847680,       -1159.4370000,
  4769,           0.9847690,       -1159.4022000,
  4770,           0.9847700,       -1159.3670000,
  4771,           0.9847710,       -1159.3331000,
  4772,           0.9847720,       -1159.2983000,
  4773,           0.9847730,       -1159.2651000,
  4774,           0.9847740,       -1159.2303000,
  4775,           0.9847750,       -1159.1950000,
  4776,           0.9847760,       -1159.1612000,
  4777,           0.9847770,       -1159.1273000,
  4778,           0.9847780,       -1159.0933000,
  4779,           0.9847790,       -1159.0574000,
  4780,           0.9847800,       -1159.0230000,
  4781,           0.9847810,       -1158.9874000,
  4782,           0.9847820,       -1158.9553000,
  4783,           0.9847830,       -1158.9201000,
  4784,           0.9847840,       -1158.8860000,
  4785,           0.9847850,       -1158.8500000,
  4786,           0.9847860,       -1158.8180000,
  4787,           0.9847870,       -1158.7821000,
  4788,           0.9847880,       -1158.7480000,
  4789,           0.9847890,       -1158.7120000,
  4790,           0.9847900,       -1158.6780000,
  4791,           0.9847910,       -1158.6444000,
  4792,           0.9847920,       -1158.6100000,
  4793,           0.9847930,       -1158.5743000,
  4794,           0.9847940,       -1158.5400000,
  4795,           0.9847950,       -1158.5070000,
  4796,           0.9847960,       -1158.4724000,
  4797,           0.9847970,       -1158.4370000,
  4798,           0.9847980,       -1158.4023000,
  4799,           0.9847990,       -1158.3670000,
  4800,           0.9848000,       -1158.3350000,
  4801,           0.9848010,       -1158.2991000,
  4802,           0.9848020,       -1158.2660000,
  4803,           0.9848030,       -1158.2292000,
  4804,           0.9848040,       -1158.1980000,
  4805,           0.9848050,       -1158.1621000,
  4806,           0.9848060,       -1158.1274000,
  4807,           0.9848070,       -1158.0920000,
  4808,           0.9848080,       -1158.0580000,
  4809,           0.9848090,       -1158.0242000,
  4810,           0.9848100,       -1157.9910000,
  4811,           0.9848110,       -1157.9544000,
  4812,           0.9848120,       -1157.9201000,
  4813,           0.9848130,       -1157.8862000,
  4814,           0.9848140,       -1157.8530000,
  4815,           0.9848150,       -1157.8170000,
  4816,           0.9848160,       -1157.7823000,
  4817,           0.9848170,       -1157.7470000,
  4818,           0.9848180,       -1157.7143000,
  4819,           0.9848190,       -1157.6790000,
  4820,           0.9848200,       -1157.6451000,
  4821,           0.9848210,       -1157.6110000,
  4822,           0.9848220,       -1157.5773000,
  4823,           0.9848230,       -1157.5422000,
  4824,           0.9848240,       -1157.5073000,
  4825,           0.9848250,       -1157.4730000,
  4826,           0.9848260,       -1157.4373000,
  4827,           0.9848270,       -1157.4051000,
  4828,           0.9848280,       -1157.3693000,
  4829,           0.9848290,       -1157.3350000,
  4830,           0.9848300,       -1157.3000000,
  4831,           0.9848310,       -1157.2673000,
  4832,           0.9848320,       -1157.2321000,
  4833,           0.9848330,       -1157.1981000,
  4834,           0.9848340,       -1157.1622000,
  4835,           0.9848350,       -1157.1282000,
  4836,           0.9848360,       -1157.0944000,
  4837,           0.9848370,       -1157.0601000,
  4838,           0.9848380,       -1157.0250000,
  4839,           0.9848390,       -1156.9903000,
  4840,           0.9848400,       -1156.9580000,
  4841,           0.9848410,       -1156.9230000,
  4842,           0.9848420,       -1156.8870000,
  4843,           0.9848430,       -1156.8531000,
  4844,           0.9848440,       -1156.8180000,
  4845,           0.9848450,       -1156.7850000,
  4846,           0.9848460,       -1156.7501000,
  4847,           0.9848470,       -1156.7154000,
  4848,           0.9848480,       -1156.6801000,
  4849,           0.9848490,       -1156.6473000,
  4850,           0.9848500,       -1156.6120000,
  4851,           0.9848510,       -1156.5772000,
  4852,           0.9848520,       -1156.5422000,
  4853,           0.9848530,       -1156.5080000,
  4854,           0.9848540,       -1156.4740000,
  4855,           0.9848550,       -1156.4400000,
  4856,           0.9848560,       -1156.4040000,
  4857,           0.9848570,       -1156.3700000,
  4858,           0.9848580,       -1156.3370000,
  4859,           0.9848590,       -1156.3022000,
  4860,           0.9848600,       -1156.2663000,
  4861,           0.9848610,       -1156.2330000,
  4862,           0.9848620,       -1156.1970000,
  4863,           0.9848630,       -1156.1644000,
  4864,           0.9848640,       -1156.1290000,
  4865,           0.9848650,       -1156.0950000,
  4866,           0.9848660,       -1156.0594000,
  4867,           0.9848670,       -1156.0273000,
  4868,           0.9848680,       -1155.9920000,
  4869,           0.9848690,       -1155.9573000,
  4870,           0.9848700,       -1155.9223000,
  4871,           0.9848710,       -1155.8900000,
  4872,           0.9848720,       -1155.8544000,
  4873,           0.9848730,       -1155.8203000,
  4874,           0.9848740,       -1155.7850000,
  4875,           0.9848750,       -1155.7504000,
  4876,           0.9848760,       -1155.7170000,
  4877,           0.9848770,       -1155.6830000,
  4878,           0.9848780,       -1155.6472000,
  4879,           0.9848790,       -1155.6130000,
  4880,           0.9848800,       -1155.5790000,
  4881,           0.9848810,       -1155.5460000,
  4882,           0.9848820,       -1155.5100000,
  4883,           0.9848830,       -1155.4760000,
  4884,           0.9848840,       -1155.4420000,
  4885,           0.9848850,       -1155.4082000,
  4886,           0.9848860,       -1155.3740000,
  4887,           0.9848870,       -1155.3381000,
  4888,           0.9848880,       -1155.3040000,
  4889,           0.9848890,       -1155.2710000,
  4890,           0.9848900,       -1155.2363000,
  4891,           0.9848910,       -1155.2010000,
  4892,           0.9848920,       -1155.1662000,
  4893,           0.9848930,       -1155.1310000,
  4894,           0.9848940,       -1155.0990000,
  4895,           0.9848950,       -1155.0632000,
  4896,           0.9848960,       -1155.0290000,
  4897,           0.9848970,       -1154.9930000,
  4898,           0.9848980,       -1154.9610000,
  4899,           0.9848990,       -1154.9250000,
  4900,           0.9849000,       -1154.8914000,
  4901,           0.9849010,       -1154.8560000,
  4902,           0.9849020,       -1154.8214000,
  4903,           0.9849030,       -1154.7880000,
  4904,           0.9849040,       -1154.7534000,
  4905,           0.9849050,       -1154.7183000,
  4906,           0.9849060,       -1154.6840000,
  4907,           0.9849070,       -1154.6510000,
  4908,           0.9849080,       -1154.6160000,
  4909,           0.9849090,       -1154.5810000,
  4910,           0.9849100,       -1154.5461000,
  4911,           0.9849110,       -1154.5114000,
  4912,           0.9849120,       -1154.4790000,
  4913,           0.9849130,       -1154.4430000,
  4914,           0.9849140,       -1154.4090000,
  4915,           0.9849150,       -1154.3732000,
  4916,           0.9849160,       -1154.3410000,
  4917,           0.9849170,       -1154.3062000,
  4918,           0.9849180,       -1154.2711000,
  4919,           0.9849190,       -1154.2360000,
  4920,           0.9849200,       -1154.2020000,
  4921,           0.9849210,       -1154.1682000,
  4922,           0.9849220,       -1154.1340000,
  4923,           0.9849230,       -1154.0990000,
  4924,           0.9849240,       -1154.0643000,
  4925,           0.9849250,       -1154.0310000,
  4926,           0.9849260,       -1153.9970000,
  4927,           0.9849270,       -1153.9613000,
  4928,           0.9849280,       -1153.9270000,
  4929,           0.9849290,       -1153.8920000,
  4930,           0.9849300,       -1153.8591000,
  4931,           0.9849310,       -1153.8240000,
  4932,           0.9849320,       -1153.7890000,
  4933,           0.9849330,       -1153.7540000,
  4934,           0.9849340,       -1153.7220000,
  4935,           0.9849350,       -1153.6864000,
  4936,           0.9849360,       -1153.6520000,
  4937,           0.9849370,       -1153.6162000,
  4938,           0.9849380,       -1153.5821000,
  4939,           0.9849390,       -1153.5491000,
  4940,           0.9849400,       -1153.5150000,
  4941,           0.9849410,       -1153.4791000,
  4942,           0.9849420,       -1153.4450000,
  4943,           0.9849430,       -1153.4120000,
  4944,           0.9849440,       -1153.3774000,
  4945,           0.9849450,       -1153.3420000,
  4946,           0.9849460,       -1153.3080000,
  4947,           0.9849470,       -1153.2722000,
  4948,           0.9849480,       -1153.2402000,
  4949,           0.9849490,       -1153.2050000,
  4950,           0.9849500,       -1153.1704000,
  4951,           0.9849510,       -1153.1351000,
  4952,           0.9849520,       -1153.1022000,
  4953,           0.9849530,       -1153.0680000,
  4954,           0.9849540,       -1153.0330000,
  4955,           0.9849550,       -1152.9971000,
  4956,           0.9849560,       -1152.9630000,
  4957,           0.9849570,       -1152.9293000,
  4958,           0.9849580,       -1152.8950000,
  4959,           0.9849590,       -1152.8594000,
  4960,           0.9849600,       -1152.8254000,
  4961,           0.9849610,       -1152.7921000,
  4962,           0.9849620,       -1152.7580000,
  4963,           0.9849630,       -1152.7230000,
  4964,           0.9849640,       -1152.6880000,
  4965,           0.9849650,       -1152.6540000,
  4966,           0.9849660,       -1152.6210000,
  4967,           0.9849670,       -1152.5850000,
  4968,           0.9849680,       -1152.5510000,
  4969,           0.9849690,       -1152.5164000,
  4970,           0.9849700,       -1152.4831000,
  4971,           0.9849710,       -1152.4490000,
  4972,           0.9849720,       -1152.4130000,
  4973,           0.9849730,       -1152.3791000,
  4974,           0.9849740,       -1152.3440000,
  4975,           0.9849750,       -1152.3120000,
  4976,           0.9849760,       -1152.2761000,
  4977,           0.9849770,       -1152.2420000,
  4978,           0.9849780,       -1152.2070000,
  4979,           0.9849790,       -1152.1741000,
  4980,           0.9849800,       -1152.1390000,
  4981,           0.9849810,       -1152.1050000,
  4982,           0.9849820,       -1152.0690000,
  4983,           0.9849830,       -1152.0360000,
  4984,           0.9849840,       -1152.0012000,
  4985,           0.9849850,       -1151.9680000,
  4986,           0.9849860,       -1151.9320000,
  4987,           0.9849870,       -1151.8980000,
  4988,           0.9849880,       -1151.8642000,
  4989,           0.9849890,       -1151.8300000,
  4990,           0.9849900,       -1151.7943000,
  4991,           0.9849910,       -1151.7600000,
  4992,           0.9849920,       -1151.7240000,
  4993,           0.9849930,       -1151.6930000,
  4994,           0.9849940,       -1151.6571000,
  4995,           0.9849950,       -1151.6230000,
  4996,           0.9849960,       -1151.5871000,
  4997,           0.9849970,       -1151.5560000,
  4998,           0.9849980,       -1151.5200000,
  4999,           0.9849990,       -1151.4853000,
  5000,           0.9850000,       -1151.4500000,
  5001,           0.9850010,       -1151.4160000,
  5002,           0.9850020,       -1151.3822000,
  5003,           0.9850030,       -1151.3480000,
  5004,           0.9850040,       -1151.3124000,
  5005,           0.9850050,       -1151.2790000,
  5006,           0.9850060,       -1151.2450000,
  5007,           0.9850070,       -1151.2110000,
  5008,           0.9850080,       -1151.1751000,
  5009,           0.9850090,       -1151.1412000,
  5010,           0.9850100,       -1151.1053000,
  5011,           0.9850110,       -1151.0740000,
  5012,           0.9850120,       -1151.0380000,
  5013,           0.9850130,       -1151.0040000,
  5014,           0.9850140,       -1150.9690000,
  5015,           0.9850150,       -1150.9364000,
  5016,           0.9850160,       -1150.9010000,
  5017,           0.9850170,       -1150.8671000,
  5018,           0.9850180,       -1150.8310000,
  5019,           0.9850190,       -1150.7980000,
  5020,           0.9850200,       -1150.7631000,
  5021,           0.9850210,       -1150.7290000,
  5022,           0.9850220,       -1150.6933000,
  5023,           0.9850230,       -1150.6590000,
  5024,           0.9850240,       -1150.6263000,
  5025,           0.9850250,       -1150.5922000,
  5026,           0.9850260,       -1150.5570000,
  5027,           0.9850270,       -1150.5224000,
  5028,           0.9850280,       -1150.4870000,
  5029,           0.9850290,       -1150.4550000,
  5030,           0.9850300,       -1150.4190000,
  5031,           0.9850310,       -1150.3852000,
  5032,           0.9850320,       -1150.3502000,
  5033,           0.9850330,       -1150.3180000,
  5034,           0.9850340,       -1150.2820000,
  5035,           0.9850350,       -1150.2480000,
  5036,           0.9850360,       -1150.2124000,
  5037,           0.9850370,       -1150.1780000,
  5038,           0.9850380,       -1150.1450000,
  5039,           0.9850390,       -1150.1104000,
  5040,           0.9850400,       -1150.0750000,
  5041,           0.9850410,       -1150.0412000,
  5042,           0.9850420,       -1150.0070000,
  5043,           0.9850430,       -1149.9740000,
  5044,           0.9850440,       -1149.9381000,
  5045,           0.9850450,       -1149.9040000,
  5046,           0.9850460,       -1149.8690000,
  5047,           0.9850470,       -1149.8360000,
  5048,           0.9850480,       -1149.8010000,
  5049,           0.9850490,       -1149.7660000,
  5050,           0.9850500,       -1149.7310000,
  5051,           0.9850510,       -1149.6990000,
  5052,           0.9850520,       -1149.6633000,
  5053,           0.9850530,       -1149.6291000,
  5054,           0.9850540,       -1149.5940000,
  5055,           0.9850550,       -1149.5592000,
  5056,           0.9850560,       -1149.5260000,
  5057,           0.9850570,       -1149.4920000,
  5058,           0.9850580,       -1149.4570000,
  5059,           0.9850590,       -1149.4230000,
  5060,           0.9850600,       -1149.3884000,
  5061,           0.9850610,       -1149.3550000,
  5062,           0.9850620,       -1149.3193000,
  5063,           0.9850630,       -1149.2850000,
  5064,           0.9850640,       -1149.2500000,
  5065,           0.9850650,       -1149.2180000,
  5066,           0.9850660,       -1149.1830000,
  5067,           0.9850670,       -1149.1480000,
  5068,           0.9850680,       -1149.1130000,
  5069,           0.9850690,       -1149.0810000,
  5070,           0.9850700,       -1149.0443000,
  5071,           0.9850710,       -1149.0110000,
  5072,           0.9850720,       -1148.9760000,
  5073,           0.9850730,       -1148.9423000,
  5074,           0.9850740,       -1148.9071000,
  5075,           0.9850750,       -1148.8730000,
  5076,           0.9850760,       -1148.8380000,
  5077,           0.9850770,       -1148.8040000,
  5078,           0.9850780,       -1148.7700000,
  5079,           0.9850790,       -1148.7362000,
  5080,           0.9850800,       -1148.7001000,
  5081,           0.9850810,       -1148.6670000,
  5082,           0.9850820,       -1148.6333000,
  5083,           0.9850830,       -1148.5990000,
  5084,           0.9850840,       -1148.5634000,
  5085,           0.9850850,       -1148.5300000,
  5086,           0.9850860,       -1148.4941000,
  5087,           0.9850870,       -1148.4624000,
  5088,           0.9850880,       -1148.4263000,
  5089,           0.9850890,       -1148.3924000,
  5090,           0.9850900,       -1148.3570000,
  5091,           0.9850910,       -1148.3250000,
  5092,           0.9850920,       -1148.2891000,
  5093,           0.9850930,       -1148.2552000,
  5094,           0.9850940,       -1148.2202000,
  5095,           0.9850950,       -1148.1860000,
  5096,           0.9850960,       -1148.1520000,
  5097,           0.9850970,       -1148.1180000,
  5098,           0.9850980,       -1148.0820000,
  5099,           0.9850990,       -1148.0482000,
  5100,           0.9851000,       -1148.0150000,
  5101,           0.9851010,       -1147.9804000,
  5102,           0.9851020,       -1147.9450000,
  5103,           0.9851030,       -1147.9110000,
  5104,           0.9851040,       -1147.8750000,
  5105,           0.9851050,       -1147.8440000,
  5106,           0.9851060,       -1147.8082000,
  5107,           0.9851070,       -1147.7740000,
  5108,           0.9851080,       -1147.7390000,
  5109,           0.9851090,       -1147.7061000,
  5110,           0.9851100,       -1147.6710000,
  5111,           0.9851110,       -1147.6370000,
  5112,           0.9851120,       -1147.6010000,
  5113,           0.9851130,       -1147.5670000,
  5114,           0.9851140,       -1147.5340000,
  5115,           0.9851150,       -1147.5000000,
  5116,           0.9851160,       -1147.4642000,
  5117,           0.9851170,       -1147.4304000,
  5118,           0.9851180,       -1147.3960000,
  5119,           0.9851190,       -1147.3621000,
  5120,           0.9851200,       -1147.3270000,
  5121,           0.9851210,       -1147.2930000,
  5122,           0.9851220,       -1147.2580000,
  5123,           0.9851230,       -1147.2253000,
  5124,           0.9851240,       -1147.1900000,
  5125,           0.9851250,       -1147.1560000,
  5126,           0.9851260,       -1147.1210000,
  5127,           0.9851270,       -1147.0882000,
  5128,           0.9851280,       -1147.0530000,
  5129,           0.9851290,       -1147.0190000,
  5130,           0.9851300,       -1146.9833000,
  5131,           0.9851310,       -1146.9493000,
  5132,           0.9851320,       -1146.9151000,
  5133,           0.9851330,       -1146.8820000,
  5134,           0.9851340,       -1146.8461000,
  5135,           0.9851350,       -1146.8123000,
  5136,           0.9851360,       -1146.7791000,
  5137,           0.9851370,       -1146.7450000,
  5138,           0.9851380,       -1146.7093000,
  5139,           0.9851390,       -1146.6740000,
  5140,           0.9851400,       -1146.6400000,
  5141,           0.9851410,       -1146.6070000,
  5142,           0.9851420,       -1146.5720000,
  5143,           0.9851430,       -1146.5374000,
  5144,           0.9851440,       -1146.5020000,
  5145,           0.9851450,       -1146.4700000,
  5146,           0.9851460,       -1146.4350000,
  5147,           0.9851470,       -1146.4010000,
  5148,           0.9851480,       -1146.3653000,
  5149,           0.9851490,       -1146.3310000,
  5150,           0.9851500,       -1146.2980000,
  5151,           0.9851510,       -1146.2640000,
  5152,           0.9851520,       -1146.2280000,
  5153,           0.9851530,       -1146.1944000,
  5154,           0.9851540,       -1146.1610000,
  5155,           0.9851550,       -1146.1264000,
  5156,           0.9851560,       -1146.0913000,
  5157,           0.9851570,       -1146.0570000,
  5158,           0.9851580,       -1146.0220000,
  5159,           0.9851590,       -1145.9893000,
  5160,           0.9851600,       -1145.9540000,
  5161,           0.9851610,       -1145.9191000,
  5162,           0.9851620,       -1145.8850000,
  5163,           0.9851630,       -1145.8522000,
  5164,           0.9851640,       -1145.8170000,
  5165,           0.9851650,       -1145.7830000,
  5166,           0.9851660,       -1145.7470000,
  5167,           0.9851670,       -1145.7131000,
  5168,           0.9851680,       -1145.6800000,
  5169,           0.9851690,       -1145.6460000,
  5170,           0.9851700,       -1145.6104000,
  5171,           0.9851710,       -1145.5770000,
  5172,           0.9851720,       -1145.5430000,
  5173,           0.9851730,       -1145.5084000,
  5174,           0.9851740,       -1145.4740000,
  5175,           0.9851750,       -1145.4393000,
  5176,           0.9851760,       -1145.4040000,
  5177,           0.9851770,       -1145.3710000,
  5178,           0.9851780,       -1145.3360000,
  5179,           0.9851790,       -1145.3020000,
  5180,           0.9851800,       -1145.2663000,
  5181,           0.9851810,       -1145.2344000,
  5182,           0.9851820,       -1145.1992000,
  5183,           0.9851830,       -1145.1650000,
  5184,           0.9851840,       -1145.1293000,
  5185,           0.9851850,       -1145.0954000,
  5186,           0.9851860,       -1145.0621000,
  5187,           0.9851870,       -1145.0280000,
  5188,           0.9851880,       -1144.9924000,
  5189,           0.9851890,       -1144.9590000,
  5190,           0.9851900,       -1144.9252000,
  5191,           0.9851910,       -1144.8910000,
  5192,           0.9851920,       -1144.8560000,
  5193,           0.9851930,       -1144.8220000,
  5194,           0.9851940,       -1144.7864000,
  5195,           0.9851950,       -1144.7534000,
  5196,           0.9851960,       -1144.7182000,
  5197,           0.9851970,       -1144.6844000,
  5198,           0.9851980,       -1144.6490000,
  5199,           0.9851990,       -1144.6170000,
  5200,           0.9852000,       -1144.5811000,
  5201,           0.9852010,       -1144.5473000,
  5202,           0.9852020,       -1144.5120000,
  5203,           0.9852030,       -1144.4780000,
  5204,           0.9852040,       -1144.4450000,
  5205,           0.9852050,       -1144.4104000,
  5206,           0.9852060,       -1144.3750000,
  5207,           0.9852070,       -1144.3411000,
  5208,           0.9852080,       -1144.3074000,
  5209,           0.9852090,       -1144.2740000,
  5210,           0.9852100,       -1144.2390000,
  5211,           0.9852110,       -1144.2040000,
  5212,           0.9852120,       -1144.1690000,
  5213,           0.9852130,       -1144.1361000,
  5214,           0.9852140,       -1144.1010000,
  5215,           0.9852150,       -1144.0670000,
  5216,           0.9852160,       -1144.0312000,
  5217,           0.9852170,       -1144.0000000,
  5218,           0.9852180,       -1143.9641000,
  5219,           0.9852190,       -1143.9300000,
  5220,           0.9852200,       -1143.8950000,
  5221,           0.9852210,       -1143.8610000,
  5222,           0.9852220,       -1143.8270000,
  5223,           0.9852230,       -1143.7924000,
  5224,           0.9852240,       -1143.7580000,
  5225,           0.9852250,       -1143.7240000,
  5226,           0.9852260,       -1143.6904000,
  5227,           0.9852270,       -1143.6561000,
  5228,           0.9852280,       -1143.6210000,
  5229,           0.9852290,       -1143.5874000,
  5230,           0.9852300,       -1143.5510000,
  5231,           0.9852310,       -1143.5180000,
  5232,           0.9852320,       -1143.4833000,
  5233,           0.9852330,       -1143.4481000,
  5234,           0.9852340,       -1143.4140000,
  5235,           0.9852350,       -1143.3810000,
  5236,           0.9852360,       -1143.3470000,
  5237,           0.9852370,       -1143.3112000,
  5238,           0.9852380,       -1143.2770000,
  5239,           0.9852390,       -1143.2420000,
  5240,           0.9852400,       -1143.2100000,
  5241,           0.9852410,       -1143.1741000,
  5242,           0.9852420,       -1143.1400000,
  5243,           0.9852430,       -1143.1050000,
  5244,           0.9852440,       -1143.0732000,
  5245,           0.9852450,       -1143.0382000,
  5246,           0.9852460,       -1143.0032000,
  5247,           0.9852470,       -1142.9680000,
  5248,           0.9852480,       -1142.9340000,
  5249,           0.9852490,       -1142.9010000,
  5250,           0.9852500,       -1142.8663000,
  5251,           0.9852510,       -1142.8310000,
  5252,           0.9852520,       -1142.7970000,
  5253,           0.9852530,       -1142.7634000,
  5254,           0.9852540,       -1142.7300000,
  5255,           0.9852550,       -1142.6944000,
  5256,           0.9852560,       -1142.6600000,
  5257,           0.9852570,       -1142.6251000,
  5258,           0.9852580,       -1142.5920000,
  5259,           0.9852590,       -1142.5573000,
  5260,           0.9852600,       -1142.5230000,
  5261,           0.9852610,       -1142.4880000,
  5262,           0.9852620,       -1142.4553000,
  5263,           0.9852630,       -1142.4201000,
  5264,           0.9852640,       -1142.3862000,
  5265,           0.9852650,       -1142.3510000,
  5266,           0.9852660,       -1142.3190000,
  5267,           0.9852670,       -1142.2834000,
  5268,           0.9852680,       -1142.2500000,
  5269,           0.9852690,       -1142.2140000,
  5270,           0.9852700,       -1142.1802000,
  5271,           0.9852710,       -1142.1464000,
  5272,           0.9852720,       -1142.1123000,
  5273,           0.9852730,       -1142.0770000,
  5274,           0.9852740,       -1142.0430000,
  5275,           0.9852750,       -1142.0100000,
  5276,           0.9852760,       -1141.9753000,
  5277,           0.9852770,       -1141.9400000,
  5278,           0.9852780,       -1141.9060000,
  5279,           0.9852790,       -1141.8702000,
  5280,           0.9852800,       -1141.8390000,
  5281,           0.9852810,       -1141.8030000,
  5282,           0.9852820,       -1141.7692000,
  5283,           0.9852830,       -1141.7340000,
  5284,           0.9852840,       -1141.7020000,
  5285,           0.9852850,       -1141.6670000,
  5286,           0.9852860,       -1141.6330000,
  5287,           0.9852870,       -1141.5970000,
  5288,           0.9852880,       -1141.5632000,
  5289,           0.9852890,       -1141.5300000,
  5290,           0.9852900,       -1141.4950000,
  5291,           0.9852910,       -1141.4594000,
  5292,           0.9852920,       -1141.4260000,
  5293,           0.9852930,       -1141.3922000,
  5294,           0.9852940,       -1141.3590000,
  5295,           0.9852950,       -1141.3232000,
  5296,           0.9852960,       -1141.2891000,
  5297,           0.9852970,       -1141.2540000,
  5298,           0.9852980,       -1141.2220000,
  5299,           0.9852990,       -1141.1870000,
  5300,           0.9853000,       -1141.1524000,
  5301,           0.9853010,       -1141.1170000,
  5302,           0.9853020,       -1141.0850000,
  5303,           0.9853030,       -1141.0500000,
  5304,           0.9853040,       -1141.0160000,
  5305,           0.9853050,       -1140.9801000,
  5306,           0.9853060,       -1140.9460000,
  5307,           0.9853070,       -1140.9124000,
  5308,           0.9853080,       -1140.8781000,
  5309,           0.9853090,       -1140.8431000,
  5310,           0.9853100,       -1140.8090000,
  5311,           0.9853110,       -1140.7760000,
  5312,           0.9853120,       -1140.7420000,
  5313,           0.9853130,       -1140.7062000,
  5314,           0.9853140,       -1140.6724000,
  5315,           0.9853150,       -1140.6372000,
  5316,           0.9853160,       -1140.6040000,
  5317,           0.9853170,       -1140.5700000,
  5318,           0.9853180,       -1140.5350000,
  5319,           0.9853190,       -1140.5010000,
  5320,           0.9853200,       -1140.4670000,
  5321,           0.9853210,       -1140.4330000,
  5322,           0.9853220,       -1140.3980000,
  5323,           0.9853230,       -1140.3631000,
  5324,           0.9853240,       -1140.3280000,
  5325,           0.9853250,       -1140.2962000,
  5326,           0.9853260,       -1140.2610000,
  5327,           0.9853270,       -1140.2270000,
  5328,           0.9853280,       -1140.1910000,
  5329,           0.9853290,       -1140.1591000,
  5330,           0.9853300,       -1140.1240000,
  5331,           0.9853310,       -1140.0900000,
  5332,           0.9853320,       -1140.0544000,
  5333,           0.9853330,       -1140.0200000,
  5334,           0.9853340,       -1139.9870000,
  5335,           0.9853350,       -1139.9530000,
  5336,           0.9853360,       -1139.9180000,
  5337,           0.9853370,       -1139.8831000,
  5338,           0.9853380,       -1139.8502000,
  5339,           0.9853390,       -1139.8161000,
  5340,           0.9853400,       -1139.7803000,
  5341,           0.9853410,       -1139.7470000,
  5342,           0.9853420,       -1139.7120000,
  5343,           0.9853430,       -1139.6793000,
  5344,           0.9853440,       -1139.6440000,
  5345,           0.9853450,       -1139.6100000,
  5346,           0.9853460,       -1139.5751000,
  5347,           0.9853470,       -1139.5422000,
  5348,           0.9853480,       -1139.5070000,
  5349,           0.9853490,       -1139.4730000,
  5350,           0.9853500,       -1139.4380000,
  5351,           0.9853510,       -1139.4040000,
  5352,           0.9853520,       -1139.3710000,
  5353,           0.9853530,       -1139.3363000,
  5354,           0.9853540,       -1139.3010000,
  5355,           0.9853550,       -1139.2674000,
  5356,           0.9853560,       -1139.2340000,
  5357,           0.9853570,       -1139.2000000,
  5358,           0.9853580,       -1139.1650000,
  5359,           0.9853590,       -1139.1300000,
  5360,           0.9853600,       -1139.0950000,
  5361,           0.9853610,       -1139.0630000,
  5362,           0.9853620,       -1139.0274000,
  5363,           0.9853630,       -1138.9930000,
  5364,           0.9853640,       -1138.9580000,
  5365,           0.9853650,       -1138.9263000,
  5366,           0.9853660,       -1138.8910000,
  5367,           0.9853670,       -1138.8571000,
  5368,           0.9853680,       -1138.8212000,
  5369,           0.9853690,       -1138.7880000,
  5370,           0.9853700,       -1138.7542000,
  5371,           0.9853710,       -1138.7200000,
  5372,           0.9853720,       -1138.6844000,
  5373,           0.9853730,       -1138.6510000,
  5374,           0.9853740,       -1138.6171000,
  5375,           0.9853750,       -1138.5833000,
  5376,           0.9853760,       -1138.5480000,
  5377,           0.9853770,       -1138.5130000,
  5378,           0.9853780,       -1138.4790000,
  5379,           0.9853790,       -1138.4451000,
  5380,           0.9853800,       -1138.4112000,
  5381,           0.9853810,       -1138.3760000,
  5382,           0.9853820,       -1138.3420000,
  5383,           0.9853830,       -1138.3090000,
  5384,           0.9853840,       -1138.2740000,
  5385,           0.9853850,       -1138.2391000,
  5386,           0.9853860,       -1138.2050000,
  5387,           0.9853870,       -1138.1700000,
  5388,           0.9853880,       -1138.1380000,
  5389,           0.9853890,       -1138.1021000,
  5390,           0.9853900,       -1138.0690000,
  5391,           0.9853910,       -1138.0330000,
  5392,           0.9853920,       -1138.0010000,
  5393,           0.9853930,       -1137.9660000,
  5394,           0.9853940,       -1137.9320000,
  5395,           0.9853950,       -1137.8970000,
  5396,           0.9853960,       -1137.8630000,
  5397,           0.9853970,       -1137.8291000,
  5398,           0.9853980,       -1137.7950000,
  5399,           0.9853990,       -1137.7600000,
  5400,           0.9854000,       -1137.7253000,
  5401,           0.9854010,       -1137.6922000,
  5402,           0.9854020,       -1137.6584000,
  5403,           0.9854030,       -1137.6230000,
  5404,           0.9854040,       -1137.5891000,
  5405,           0.9854050,       -1137.5540000,
  5406,           0.9854060,       -1137.5220000,
  5407,           0.9854070,       -1137.4870000,
  5408,           0.9854080,       -1137.4520000,
  5409,           0.9854090,       -1137.4170000,
  5410,           0.9854100,       -1137.3850000,
  5411,           0.9854110,       -1137.3500000,
  5412,           0.9854120,       -1137.3153000,
  5413,           0.9854130,       -1137.2800000,
  5414,           0.9854140,       -1137.2464000,
  5415,           0.9854150,       -1137.2130000,
  5416,           0.9854160,       -1137.1791000,
  5417,           0.9854170,       -1137.1440000,
  5418,           0.9854180,       -1137.1100000,
  5419,           0.9854190,       -1137.0770000,
  5420,           0.9854200,       -1137.0423000,
  5421,           0.9854210,       -1137.0070000,
  5422,           0.9854220,       -1136.9730000,
  5423,           0.9854230,       -1136.9372000,
  5424,           0.9854240,       -1136.9060000,
  5425,           0.9854250,       -1136.8704000,
  5426,           0.9854260,       -1136.8350000,
  5427,           0.9854270,       -1136.8011000,
  5428,           0.9854280,       -1136.7680000,
  5429,           0.9854290,       -1136.7340000,
  5430,           0.9854300,       -1136.6990000,
  5431,           0.9854310,       -1136.6650000,
  5432,           0.9854320,       -1136.6292000,
  5433,           0.9854330,       -1136.5974000,
  5434,           0.9854340,       -1136.5620000,
  5435,           0.9854350,       -1136.5273000,
  5436,           0.9854360,       -1136.4924000,
  5437,           0.9854370,       -1136.4604000,
  5438,           0.9854380,       -1136.4252000,
  5439,           0.9854390,       -1136.3913000,
  5440,           0.9854400,       -1136.3562000,
  5441,           0.9854410,       -1136.3221000,
  5442,           0.9854420,       -1136.2890000,
  5443,           0.9854430,       -1136.2542000,
  5444,           0.9854440,       -1136.2190000,
  5445,           0.9854450,       -1136.1850000,
  5446,           0.9854460,       -1136.1520000,
  5447,           0.9854470,       -1136.1180000,
  5448,           0.9854480,       -1136.0830000,
  5449,           0.9854490,       -1136.0490000,
  5450,           0.9854500,       -1136.0131000,
  5451,           0.9854510,       -1135.9813000,
  5452,           0.9854520,       -1135.9462000,
  5453,           0.9854530,       -1135.9123000,
  5454,           0.9854540,       -1135.8770000,
  5455,           0.9854550,       -1135.8450000,
  5456,           0.9854560,       -1135.8092000,
  5457,           0.9854570,       -1135.7760000,
  5458,           0.9854580,       -1135.7401000,
  5459,           0.9854590,       -1135.7062000,
  5460,           0.9854600,       -1135.6730000,
  5461,           0.9854610,       -1135.6390000,
  5462,           0.9854620,       -1135.6040000,
  5463,           0.9854630,       -1135.5700000,
  5464,           0.9854640,       -1135.5363000,
  5465,           0.9854650,       -1135.5021000,
  5466,           0.9854660,       -1135.4670000,
  5467,           0.9854670,       -1135.4330000,
  5468,           0.9854680,       -1135.4000000,
  5469,           0.9854690,       -1135.3643000,
  5470,           0.9854700,       -1135.3310000,
  5471,           0.9854710,       -1135.2950000,
  5472,           0.9854720,       -1135.2610000,
  5473,           0.9854730,       -1135.2280000,
  5474,           0.9854740,       -1135.1943000,
  5475,           0.9854750,       -1135.1590000,
  5476,           0.9854760,       -1135.1251000,
  5477,           0.9854770,       -1135.0914000,
  5478,           0.9854780,       -1135.0570000,
  5479,           0.9854790,       -1135.0220000,
  5480,           0.9854800,       -1134.9880000,
  5481,           0.9854810,       -1134.9522000,
  5482,           0.9854820,       -1134.9210000,
  5483,           0.9854830,       -1134.8860000,
  5484,           0.9854840,       -1134.8514000,
  5485,           0.9854850,       -1134.8160000,
  5486,           0.9854860,       -1134.7840000,
  5487,           0.9854870,       -1134.7490000,
  5488,           0.9854880,       -1134.7143000,
  5489,           0.9854890,       -1134.6800000,
  5490,           0.9854900,       -1134.6452000,
  5491,           0.9854910,       -1134.6121000,
  5492,           0.9854920,       -1134.5782000,
  5493,           0.9854930,       -1134.5434000,
  5494,           0.9854940,       -1134.5090000,
  5495,           0.9854950,       -1134.4763000,
  5496,           0.9854960,       -1134.4420000,
  5497,           0.9854970,       -1134.4070000,
  5498,           0.9854980,       -1134.3721000,
  5499,           0.9854990,       -1134.3371000,
  5500,           0.9855000,       -1134.3051000,
  5501,           0.9855010,       -1134.2702000,
  5502,           0.9855020,       -1134.2363000,
  5503,           0.9855030,       -1134.2010000,
  5504,           0.9855040,       -1134.1693000,
  5505,           0.9855050,       -1134.1340000,
  5506,           0.9855060,       -1134.1000000,
  5507,           0.9855070,       -1134.0650000,
  5508,           0.9855080,       -1134.0291000,
  5509,           0.9855090,       -1133.9970000,
  5510,           0.9855100,       -1133.9620000,
  5511,           0.9855110,       -1133.9274000,
  5512,           0.9855120,       -1133.8922000,
  5513,           0.9855130,       -1133.8604000,
  5514,           0.9855140,       -1133.8254000,
  5515,           0.9855150,       -1133.7912000,
  5516,           0.9855160,       -1133.7561000,
  5517,           0.9855170,       -1133.7224000,
  5518,           0.9855180,       -1133.6883000,
  5519,           0.9855190,       -1133.6540000,
  5520,           0.9855200,       -1133.6192000,
  5521,           0.9855210,       -1133.5860000,
  5522,           0.9855220,       -1133.5520000,
  5523,           0.9855230,       -1133.5183000,
  5524,           0.9855240,       -1133.4830000,
  5525,           0.9855250,       -1133.4490000,
  5526,           0.9855260,       -1133.4140000,
  5527,           0.9855270,       -1133.3820000,
  5528,           0.9855280,       -1133.3461000,
  5529,           0.9855290,       -1133.3124000,
  5530,           0.9855300,       -1133.2770000,
  5531,           0.9855310,       -1133.2453000,
  5532,           0.9855320,       -1133.2100000,
  5533,           0.9855330,       -1133.1762000,
  5534,           0.9855340,       -1133.1410000,
  5535,           0.9855350,       -1133.1071000,
  5536,           0.9855360,       -1133.0740000,
  5537,           0.9855370,       -1133.0404000,
  5538,           0.9855380,       -1133.0040000,
  5539,           0.9855390,       -1132.9703000,
  5540,           0.9855400,       -1132.9372000,
  5541,           0.9855410,       -1132.9030000,
  5542,           0.9855420,       -1132.8680000,
  5543,           0.9855430,       -1132.8330000,
  5544,           0.9855440,       -1132.7990000,
  5545,           0.9855450,       -1132.7660000,
  5546,           0.9855460,       -1132.7314000,
  5547,           0.9855470,       -1132.6960000,
  5548,           0.9855480,       -1132.6620000,
  5549,           0.9855490,       -1132.6290000,
  5550,           0.9855500,       -1132.5950000,
  5551,           0.9855510,       -1132.5600000,
  5552,           0.9855520,       -1132.5253000,
  5553,           0.9855530,       -1132.4910000,
  5554,           0.9855540,       -1132.4590000,
  5555,           0.9855550,       -1132.4234000,
  5556,           0.9855560,       -1132.3894000,
  5557,           0.9855570,       -1132.3541000,
  5558,           0.9855580,       -1132.3220000,
  5559,           0.9855590,       -1132.2870000,
  5560,           0.9855600,       -1132.2530000,
  5561,           0.9855610,       -1132.2174000,
  5562,           0.9855620,       -1132.1840000,
  5563,           0.9855630,       -1132.1501000,
  5564,           0.9855640,       -1132.1170000,
  5565,           0.9855650,       -1132.0820000,
  5566,           0.9855660,       -1132.0480000,
  5567,           0.9855670,       -1132.0140000,
  5568,           0.9855680,       -1131.9800000,
  5569,           0.9855690,       -1131.9450000,
  5570,           0.9855700,       -1131.9110000,
  5571,           0.9855710,       -1131.8760000,
  5572,           0.9855720,       -1131.8440000,
  5573,           0.9855730,       -1131.8090000,
  5574,           0.9855740,       -1131.7750000,
  5575,           0.9855750,       -1131.7392000,
  5576,           0.9855760,       -1131.7060000,
  5577,           0.9855770,       -1131.6720000,
  5578,           0.9855780,       -1131.6362000,
  5579,           0.9855790,       -1131.6022000,
  5580,           0.9855800,       -1131.5673000,
  5581,           0.9855810,       -1131.5360000,
  5582,           0.9855820,       -1131.5003000,
  5583,           0.9855830,       -1131.4664000,
  5584,           0.9855840,       -1131.4320000,
  5585,           0.9855850,       -1131.3992000,
  5586,           0.9855860,       -1131.3640000,
  5587,           0.9855870,       -1131.3300000,
  5588,           0.9855880,       -1131.2944000,
  5589,           0.9855890,       -1131.2610000,
  5590,           0.9855900,       -1131.2280000,
  5591,           0.9855910,       -1131.1940000,
  5592,           0.9855920,       -1131.1590000,
  5593,           0.9855930,       -1131.1250000,
  5594,           0.9855940,       -1131.0920000,
  5595,           0.9855950,       -1131.0570000,
  5596,           0.9855960,       -1131.0220000,
  5597,           0.9855970,       -1130.9881000,
  5598,           0.9855980,       -1130.9530000,
  5599,           0.9855990,       -1130.9210000,
  5600,           0.9856000,       -1130.8861000,
  5601,           0.9856010,       -1130.8521000,
  5602,           0.9856020,       -1130.8170000,
  5603,           0.9856030,       -1130.7851000,
  5604,           0.9856040,       -1130.7500000,
  5605,           0.9856050,       -1130.7141000,
  5606,           0.9856060,       -1130.6800000,
  5607,           0.9856070,       -1130.6450000,
  5608,           0.9856080,       -1130.6130000,
  5609,           0.9856090,       -1130.5780000,
  5610,           0.9856100,       -1130.5440000,
  5611,           0.9856110,       -1130.5081000,
  5612,           0.9856120,       -1130.4770000,
  5613,           0.9856130,       -1130.4412000,
  5614,           0.9856140,       -1130.4070000,
  5615,           0.9856150,       -1130.3720000,
  5616,           0.9856160,       -1130.3380000,
  5617,           0.9856170,       -1130.3051000,
  5618,           0.9856180,       -1130.2713000,
  5619,           0.9856190,       -1130.2360000,
  5620,           0.9856200,       -1130.2020000,
  5621,           0.9856210,       -1130.1690000,
  5622,           0.9856220,       -1130.1350000,
  5623,           0.9856230,       -1130.0990000,
  5624,           0.9856240,       -1130.0650000,
  5625,           0.9856250,       -1130.0310000,
  5626,           0.9856260,       -1129.9990000,
  5627,           0.9856270,       -1129.9640000,
  5628,           0.9856280,       -1129.9293000,
  5629,           0.9856290,       -1129.8940000,
  5630,           0.9856300,       -1129.8624000,
  5631,           0.9856310,       -1129.8280000,
  5632,           0.9856320,       -1129.7930000,
  5633,           0.9856330,       -1129.7580000,
  5634,           0.9856340,       -1129.7230000,
  5635,           0.9856350,       -1129.6910000,
  5636,           0.9856360,       -1129.6560000,
  5637,           0.9856370,       -1129.6214000,
  5638,           0.9856380,       -1129.5870000,
  5639,           0.9856390,       -1129.5544000,
  5640,           0.9856400,       -1129.5200000,
  5641,           0.9856410,       -1129.4850000,
  5642,           0.9856420,       -1129.4494000,
  5643,           0.9856430,       -1122.4472000,
  5644,           0.9856440,       -1122.4144000,
  5645,           0.9856450,       -1122.3803000,
  5646,           0.9856460,       -1122.3450000,
  5647,           0.9856470,       -1122.3110000,
  5648,           0.9856480,       -1122.2780000,
  5649,           0.9856490,       -1122.2432000,
  5650,           0.9856500,       -1122.2080000,
  5651,           0.9856510,       -1122.1743000,
  5652,           0.9856520,       -1122.1392000,
  5653,           0.9856530,       -1122.1070000,
  5654,           0.9856540,       -1122.0721000,
  5655,           0.9856550,       -1122.0380000,
  5656,           0.9856560,       -1122.0010000,
  5657,           0.9856570,       -1121.9692000,
  5658,           0.9856580,       -1121.9343000,
  5659,           0.9856590,       -1121.9000000,
  5660,           0.9856600,       -1121.8650000,
  5661,           0.9856610,       -1121.8320000,
  5662,           0.9856620,       -1121.7974000,
  5663,           0.9856630,       -1121.7630000,
  5664,           0.9856640,       -1121.7290000,
  5665,           0.9856650,       -1121.6934000,
  5666,           0.9856660,       -1121.6610000,
  5667,           0.9856670,       -1121.6260000,
  5668,           0.9856680,       -1121.5920000,
  5669,           0.9856690,       -1121.5570000,
  5670,           0.9856700,       -1121.5251000,
  5671,           0.9856710,       -1121.4900000,
  5672,           0.9856720,       -1121.4561000,
  5673,           0.9856730,       -1121.4210000,
  5674,           0.9856740,       -1121.3864000,
  5675,           0.9856750,       -1121.3530000,
  5676,           0.9856760,       -1121.3190000,
  5677,           0.9856770,       -1121.2840000,
  5678,           0.9856780,       -1121.2500000,
  5679,           0.9856790,       -1121.2171000,
  5680,           0.9856800,       -1121.1830000,
  5681,           0.9856810,       -1121.1480000,
  5682,           0.9856820,       -1121.1140000,
  5683,           0.9856830,       -1121.0780000,
  5684,           0.9856840,       -1121.0460000,
  5685,           0.9856850,       -1121.0103000,
  5686,           0.9856860,       -1120.9761000,
  5687,           0.9856870,       -1120.9410000,
  5688,           0.9856880,       -1120.9074000,
  5689,           0.9856890,       -1120.8740000,
  5690,           0.9856900,       -1120.8382000,
  5691,           0.9856910,       -1120.8050000,
  5692,           0.9856920,       -1120.7690000,
  5693,           0.9856930,       -1120.7370000,
  5694,           0.9856940,       -1120.7020000,
  5695,           0.9856950,       -1120.6680000,
  5696,           0.9856960,       -1120.6330000,
  5697,           0.9856970,       -1120.6010000,
  5698,           0.9856980,       -1120.5660000,
  5699,           0.9856990,       -1120.5320000,
  5700,           0.9857000,       -1120.4963000,
  5701,           0.9857010,       -1120.4620000,
  5702,           0.9857020,       -1120.4293000,
  5703,           0.9857030,       -1120.3952000,
  5704,           0.9857040,       -1120.3601000,
  5705,           0.9857050,       -1120.3260000,
  5706,           0.9857060,       -1120.2930000,
  5707,           0.9857070,       -1120.2590000,
  5708,           0.9857080,       -1120.2233000,
  5709,           0.9857090,       -1120.1890000,
  5710,           0.9857100,       -1120.1541000,
  5711,           0.9857110,       -1120.1210000,
  5712,           0.9857120,       -1120.0874000,
  5713,           0.9857130,       -1120.0520000,
  5714,           0.9857140,       -1120.0180000,
  5715,           0.9857150,       -1119.9841000,
  5716,           0.9857160,       -1119.9493000,
  5717,           0.9857170,       -1119.9144000,
  5718,           0.9857180,       -1119.8803000,
  5719,           0.9857190,       -1119.8450000,
  5720,           0.9857200,       -1119.8133000,
  5721,           0.9857210,       -1119.7780000,
  5722,           0.9857220,       -1119.7450000,
  5723,           0.9857230,       -1119.7090000,
  5724,           0.9857240,       -1119.6770000,
  5725,           0.9857250,       -1119.6413000,
  5726,           0.9857260,       -1119.6080000,
  5727,           0.9857270,       -1119.5730000,
  5728,           0.9857280,       -1119.5390000,
  5729,           0.9857290,       -1119.5052000,
  5730,           0.9857300,       -1119.4720000,
  5731,           0.9857310,       -1119.4370000,
  5732,           0.9857320,       -1119.4020000,
  5733,           0.9857330,       -1119.3690000,
  5734,           0.9857340,       -1119.3353000,
  5735,           0.9857350,       -1119.3000000,
  5736,           0.9857360,       -1119.2644000,
  5737,           0.9857370,       -1119.2310000,
  5738,           0.9857380,       -1119.1980000,
  5739,           0.9857390,       -1119.1640000,
  5740,           0.9857400,       -1119.1290000,
  5741,           0.9857410,       -1119.0941000,
  5742,           0.9857420,       -1119.0611000,
  5743,           0.9857430,       -1119.0270000,
  5744,           0.9857440,       -1118.9920000,
  5745,           0.9857450,       -1118.9570000,
  5746,           0.9857460,       -1118.9220000,
  5747,           0.9857470,       -1118.8901000,
  5748,           0.9857480,       -1118.8542000,
  5749,           0.9857490,       -1118.8203000,
  5750,           0.9857500,       -1118.7854000,
  5751,           0.9857510,       -1118.7540000,
  5752,           0.9857520,       -1118.7183000,
  5753,           0.9857530,       -1118.6843000,
  5754,           0.9857540,       -1118.6500000,
  5755,           0.9857550,       -1118.6160000,
  5756,           0.9857560,       -1118.5820000,
  5757,           0.9857570,       -1118.5482000,
  5758,           0.9857580,       -1118.5123000,
  5759,           0.9857590,       -1118.4771000,
  5760,           0.9857600,       -1118.4460000,
  5761,           0.9857610,       -1118.4110000,
  5762,           0.9857620,       -1118.3764000,
  5763,           0.9857630,       -1118.3420000,
  5764,           0.9857640,       -1118.3070000,
  5765,           0.9857650,       -1118.2740000,
  5766,           0.9857660,       -1118.2400000,
  5767,           0.9857670,       -1118.2052000,
  5768,           0.9857680,       -1118.1710000,
  5769,           0.9857690,       -1118.1380000,
  5770,           0.9857700,       -1118.1044000,
  5771,           0.9857710,       -1118.0683000,
  5772,           0.9857720,       -1118.0341000,
  5773,           0.9857730,       -1117.9993000,
  5774,           0.9857740,       -1117.9670000,
  5775,           0.9857750,       -1117.9320000,
  5776,           0.9857760,       -1117.8980000,
  5777,           0.9857770,       -1117.8624000,
  5778,           0.9857780,       -1117.8300000,
  5779,           0.9857790,       -1117.7950000,
  5780,           0.9857800,       -1117.7612000,
  5781,           0.9857810,       -1117.7260000,
  5782,           0.9857820,       -1117.6910000,
  5783,           0.9857830,       -1117.6590000,
  5784,           0.9857840,       -1117.6232000,
  5785,           0.9857850,       -1117.5900000,
  5786,           0.9857860,       -1117.5550000,
  5787,           0.9857870,       -1117.5222000,
  5788,           0.9857880,       -1117.4873000,
  5789,           0.9857890,       -1117.4532000,
  5790,           0.9857900,       -1117.4180000,
  5791,           0.9857910,       -1117.3840000,
  5792,           0.9857920,       -1117.3510000,
  5793,           0.9857930,       -1117.3173000,
  5794,           0.9857940,       -1117.2820000,
  5795,           0.9857950,       -1117.2474000,
  5796,           0.9857960,       -1117.2150000,
  5797,           0.9857970,       -1117.1810000,
  5798,           0.9857980,       -1117.1453000,
  5799,           0.9857990,       -1117.1114000,
  5800,           0.9858000,       -1117.0770000,
  5801,           0.9858010,       -1117.0450000,
  5802,           0.9858020,       -1117.0092000,
  5803,           0.9858030,       -1116.9731000,
  5804,           0.9858040,       -1116.9393000,
  5805,           0.9858050,       -1116.9063000,
  5806,           0.9858060,       -1116.8730000,
  5807,           0.9858070,       -1116.8372000,
  5808,           0.9858080,       -1116.8040000,
  5809,           0.9858090,       -1116.7680000,
  5810,           0.9858100,       -1116.7360000,
  5811,           0.9858110,       -1116.7004000,
  5812,           0.9858120,       -1116.6670000,
  5813,           0.9858130,       -1116.6320000,
  5814,           0.9858140,       -1116.5994000,
  5815,           0.9858150,       -1116.5653000,
  5816,           0.9858160,       -1116.5310000,
  5817,           0.9858170,       -1116.4950000,
  5818,           0.9858180,       -1116.4613000,
  5819,           0.9858190,       -1116.4283000,
  5820,           0.9858200,       -1116.3950000,
  5821,           0.9858210,       -1116.3593000,
  5822,           0.9858220,       -1116.3260000,
  5823,           0.9858230,       -1116.2920000,
  5824,           0.9858240,       -1116.2570000,
  5825,           0.9858250,       -1116.2230000,
  5826,           0.9858260,       -1116.1880000,
  5827,           0.9858270,       -1116.1541000,
  5828,           0.9858280,       -1116.1210000,
  5829,           0.9858290,       -1116.0872000,
  5830,           0.9858300,       -1116.0520000,
  5831,           0.9858310,       -1116.0180000,
  5832,           0.9858320,       -1115.9841000,
  5833,           0.9858330,       -1115.9500000,
  5834,           0.9858340,       -1115.9150000,
  5835,           0.9858350,       -1115.8812000,
  5836,           0.9858360,       -1115.8460000,
  5837,           0.9858370,       -1115.8134000,
  5838,           0.9858380,       -1115.7781000,
  5839,           0.9858390,       -1115.7443000,
  5840,           0.9858400,       -1115.7090000,
  5841,           0.9858410,       -1115.6780000,
  5842,           0.9858420,       -1115.6424000,
  5843,           0.9858430,       -1115.6090000,
  5844,           0.9858440,       -1115.5740000,
  5845,           0.9858450,       -1115.5382000,
  5846,           0.9858460,       -1115.5061000,
  5847,           0.9858470,       -1115.4710000,
  5848,           0.9858480,       -1115.4372000,
  5849,           0.9858490,       -1115.4020000,
  5850,           0.9858500,       -1115.3700000,
  5851,           0.9858510,       -1115.3350000,
  5852,           0.9858520,       -1115.3010000,
  5853,           0.9858530,       -1115.2650000,
  5854,           0.9858540,       -1115.2312000,
  5855,           0.9858550,       -1115.1981000,
  5856,           0.9858560,       -1115.1650000,
  5857,           0.9858570,       -1115.1300000,
  5858,           0.9858580,       -1115.0960000,
  5859,           0.9858590,       -1115.0630000,
  5860,           0.9858600,       -1115.0284000,
  5861,           0.9858610,       -1114.9932000,
  5862,           0.9858620,       -1114.9584000,
  5863,           0.9858630,       -1114.9260000,
  5864,           0.9858640,       -1114.8901000,
  5865,           0.9858650,       -1114.8563000,
  5866,           0.9858660,       -1114.8220000,
  5867,           0.9858670,       -1114.7870000,
  5868,           0.9858680,       -1114.7542000,
  5869,           0.9858690,       -1114.7204000,
  5870,           0.9858700,       -1114.6850000,
  5871,           0.9858710,       -1114.6512000,
  5872,           0.9858720,       -1114.6190000,
  5873,           0.9858730,       -1114.5840000,
  5874,           0.9858740,       -1114.5490000,
  5875,           0.9858750,       -1114.5153000,
  5876,           0.9858760,       -1114.4800000,
  5877,           0.9858770,       -1114.4480000,
  5878,           0.9858780,       -1114.4130000,
  5879,           0.9858790,       -1114.3791000,
  5880,           0.9858800,       -1114.3440000,
  5881,           0.9858810,       -1114.3120000,
  5882,           0.9858820,       -1114.2770000,
  5883,           0.9858830,       -1114.2414000,
  5884,           0.9858840,       -1114.2080000,
  5885,           0.9858850,       -1114.1730000,
  5886,           0.9858860,       -1114.1410000,
  5887,           0.9858870,       -1114.1051000,
  5888,           0.9858880,       -1114.0714000,
  5889,           0.9858890,       -1114.0360000,
  5890,           0.9858900,       -1114.0050000,
  5891,           0.9858910,       -1113.9683000,
  5892,           0.9858920,       -1113.9350000,
  5893,           0.9858930,       -1113.9000000,
  5894,           0.9858940,       -1113.8651000,
  5895,           0.9858950,       -1113.8330000,
  5896,           0.9858960,       -1113.7990000,
  5897,           0.9858970,       -1113.7633000,
  5898,           0.9858980,       -1113.7293000,
  5899,           0.9858990,       -1113.6970000,
  5900,           0.9859000,       -1113.6620000,
  5901,           0.9859010,       -1113.6271000,
  5902,           0.9859020,       -1113.5920000,
  5903,           0.9859030,       -1113.5584000,
  5904,           0.9859040,       -1113.5251000,
  5905,           0.9859050,       -1113.4920000,
  5906,           0.9859060,       -1113.4560000,
  5907,           0.9859070,       -1113.4223000,
  5908,           0.9859080,       -1113.3890000,
  5909,           0.9859090,       -1113.3550000,
  5910,           0.9859100,       -1113.3200000,
  5911,           0.9859110,       -1113.2861000,
  5912,           0.9859120,       -1113.2510000,
  5913,           0.9859130,       -1113.2193000,
  5914,           0.9859140,       -1113.1840000,
  5915,           0.9859150,       -1113.1500000,
  5916,           0.9859160,       -1113.1150000,
  5917,           0.9859170,       -1113.0831000,
  5918,           0.9859180,       -1113.0480000,
  5919,           0.9859190,       -1113.0140000,
  5920,           0.9859200,       -1105.9910000,
  5921,           0.9859210,       -1105.9554000,
  5922,           0.9859220,       -1105.9233000,
  5923,           0.9859230,       -1105.8883000,
  5924,           0.9859240,       -1105.8550000,
  5925,           0.9859250,       -1105.8192000,
  5926,           0.9859260,       -1105.7873000,
  5927,           0.9859270,       -1105.7524000,
  5928,           0.9859280,       -1105.7180000,
  5929,           0.9859290,       -1105.6830000,
  5930,           0.9859300,       -1105.6484000,
  5931,           0.9859310,       -1105.6160000,
  5932,           0.9859320,       -1105.5820000,
  5933,           0.9859330,       -1105.5470000,
  5934,           0.9859340,       -1105.5130000,
  5935,           0.9859350,       -1105.4790000,
  5936,           0.9859360,       -1105.4450000,
  5937,           0.9859370,       -1105.4094000,
  5938,           0.9859380,       -1105.3742000,
  5939,           0.9859390,       -1105.3410000,
  5940,           0.9859400,       -1105.3080000,
  5941,           0.9859410,       -1105.2730000,
  5942,           0.9859420,       -1105.2380000,
  5943,           0.9859430,       -1105.2040000,
  5944,           0.9859440,       -1105.1710000,
  5945,           0.9859450,       -1105.1370000,
  5946,           0.9859460,       -1105.1020000,
  5947,           0.9859470,       -1105.0680000,
  5948,           0.9859480,       -1105.0324000,
  5949,           0.9859490,       -1105.0003000,
  5950,           0.9859500,       -1104.9650000,
  5951,           0.9859510,       -1104.9310000,
  5952,           0.9859520,       -1104.8962000,
  5953,           0.9859530,       -1104.8640000,
  5954,           0.9859540,       -1104.8284000,
  5955,           0.9859550,       -1104.7930000,
  5956,           0.9859560,       -1104.7590000,
  5957,           0.9859570,       -1104.7242000,
  5958,           0.9859580,       -1104.6923000,
  5959,           0.9859590,       -1104.6570000,
  5960,           0.9859600,       -1104.6231000,
  5961,           0.9859610,       -1104.5880000,
  5962,           0.9859620,       -1104.5561000,
  5963,           0.9859630,       -1104.5202000,
  5964,           0.9859640,       -1104.4860000,
  5965,           0.9859650,       -1104.4511000,
  5966,           0.9859660,       -1104.4170000,
  5967,           0.9859670,       -1104.3840000,
  5968,           0.9859680,       -1104.3500000,
  5969,           0.9859690,       -1104.3144000,
  5970,           0.9859700,       -1104.2810000,
  5971,           0.9859710,       -1104.2480000,
  5972,           0.9859720,       -1104.2130000,
  5973,           0.9859730,       -1104.1782000,
  5974,           0.9859740,       -1104.1430000,
  5975,           0.9859750,       -1104.1093000,
  5976,           0.9859760,       -1104.0764000,
  5977,           0.9859770,       -1104.0424000,
  5978,           0.9859780,       -1104.0073000,
  5979,           0.9859790,       -1103.9732000,
  5980,           0.9859800,       -1103.9393000,
  5981,           0.9859810,       -1103.9053000,
  5982,           0.9859820,       -1103.8700000,
  5983,           0.9859830,       -1103.8360000,
  5984,           0.9859840,       -1103.8010000,
  5985,           0.9859850,       -1103.7690000,
  5986,           0.9859860,       -1103.7333000,
  5987,           0.9859870,       -1103.7000000,
  5988,           0.9859880,       -1103.6650000,
  5989,           0.9859890,       -1103.6320000,
  5990,           0.9859900,       -1103.5980000,
  5991,           0.9859910,       -1103.5630000,
  5992,           0.9859920,       -1103.5280000,
  5993,           0.9859930,       -1103.4924000,
  5994,           0.9859940,       -1103.4610000,
  5995,           0.9859950,       -1103.4260000,
  5996,           0.9859960,       -1103.3920000,
  5997,           0.9859970,       -1103.3570000,
  5998,           0.9859980,       -1103.3244000,
  5999,           0.9859990,       -1103.2900000,
  6000,           0.9860000,       -1103.2553000,
  6001,           0.9860010,       -1103.2204000,
  6002,           0.9860020,       -1103.1862000,
  6003,           0.9860030,       -1103.1533000,
  6004,           0.9860040,       -1103.1190000,
  6005,           0.9860050,       -1103.0840000,
  6006,           0.9860060,       -1103.0490000,
  6007,           0.9860070,       -1103.0172000,
  6008,           0.9860080,       -1102.9820000,
  6009,           0.9860090,       -1102.9480000,
  6010,           0.9860100,       -1102.9124000,
  6011,           0.9860110,       -1102.8780000,
  6012,           0.9860120,       -1102.8452000,
  6013,           0.9860130,       -1102.8112000,
  6014,           0.9860140,       -1102.7763000,
  6015,           0.9860150,       -1102.7423000,
  6016,           0.9860160,       -1102.7094000,
  6017,           0.9860170,       -1102.6750000,
  6018,           0.9860180,       -1102.6400000,
  6019,           0.9860190,       -1102.6060000,
  6020,           0.9860200,       -1102.5710000,
  6021,           0.9860210,       -1102.5384000,
  6022,           0.9860220,       -1102.5032000,
  6023,           0.9860230,       -1102.4680000,
  6024,           0.9860240,       -1102.4333000,
  6025,           0.9860250,       -1102.4010000,
  6026,           0.9860260,       -1102.3670000,
  6027,           0.9860270,       -1102.3320000,
  6028,           0.9860280,       -1102.2980000,
  6029,           0.9860290,       -1102.2630000,
  6030,           0.9860300,       -1102.2304000,
  6031,           0.9860310,       -1102.1953000,
  6032,           0.9860320,       -1102.1614000,
  6033,           0.9860330,       -1102.1264000,
  6034,           0.9860340,       -1102.0950000,
  6035,           0.9860350,       -1102.0593000,
  6036,           0.9860360,       -1102.0260000,
  6037,           0.9860370,       -1101.9900000,
  6038,           0.9860380,       -1101.9560000,
  6039,           0.9860390,       -1101.9230000,
  6040,           0.9860400,       -1101.8880000,
  6041,           0.9860410,       -1101.8533000,
  6042,           0.9860420,       -1101.8184000,
  6043,           0.9860430,       -1101.7863000,
  6044,           0.9860440,       -1101.7514000,
  6045,           0.9860450,       -1101.7174000,
  6046,           0.9860460,       -1101.6830000,
  6047,           0.9860470,       -1101.6490000,
  6048,           0.9860480,       -1101.6151000,
  6049,           0.9860490,       -1101.5804000,
  6050,           0.9860500,       -1101.5450000,
  6051,           0.9860510,       -1101.5112000,
  6052,           0.9860520,       -1101.4790000,
  6053,           0.9860530,       -1101.4440000,
  6054,           0.9860540,       -1101.4090000,
  6055,           0.9860550,       -1101.3741000,
  6056,           0.9860560,       -1101.3404000,
  6057,           0.9860570,       -1101.3073000,
  6058,           0.9860580,       -1101.2740000,
  6059,           0.9860590,       -1101.2390000,
  6060,           0.9860600,       -1101.2050000,
  6061,           0.9860610,       -1101.1710000,
  6062,           0.9860620,       -1101.1372000,
  6063,           0.9860630,       -1101.1024000,
  6064,           0.9860640,       -1101.0690000,
  6065,           0.9860650,       -1101.0350000,
  6066,           0.9860660,       -1101.0010000,
  6067,           0.9860670,       -1100.9653000,
  6068,           0.9860680,       -1100.9312000,
  6069,           0.9860690,       -1100.8961000,
  6070,           0.9860700,       -1100.8640000,
  6071,           0.9860710,       -1100.8291000,
  6072,           0.9860720,       -1100.7941000,
  6073,           0.9860730,       -1100.7604000,
  6074,           0.9860740,       -1100.7274000,
  6075,           0.9860750,       -1100.6940000,
  6076,           0.9860760,       -1100.6590000,
  6077,           0.9860770,       -1100.6241000,
  6078,           0.9860780,       -1100.5880000,
  6079,           0.9860790,       -1100.5562000,
  6080,           0.9860800,       -1100.5220000,
  6081,           0.9860810,       -1100.4880000,
  6082,           0.9860820,       -1100.4523000,
  6083,           0.9860830,       -1100.4201000,
  6084,           0.9860840,       -1100.3854000,
  6085,           0.9860850,       -1100.3500000,
  6086,           0.9860860,       -1100.3162000,
  6087,           0.9860870,       -1100.2811000,
  6088,           0.9860880,       -1100.2500000,
  6089,           0.9860890,       -1100.2140000,
  6090,           0.9860900,       -1100.1800000,
  6091,           0.9860910,       -1100.1450000,
  6092,           0.9860920,       -1100.1134000,
  6093,           0.9860930,       -1100.0781000,
  6094,           0.9860940,       -1100.0450000,
  6095,           0.9860950,       -1100.0084000,
  6096,           0.9860960,       -1099.9743000,
  6097,           0.9860970,       -1099.9420000,
  6098,           0.9860980,       -1099.9080000,
  6099,           0.9860990,       -1099.8724000,
  6100,           0.9861000,       -1099.8380000,
  6101,           0.9861010,       -1099.8051000,
  6102,           0.9861020,       -1099.7710000,
  6103,           0.9861030,       -1099.7363000,
  6104,           0.9861040,       -1099.7012000,
  6105,           0.9861050,       -1099.6680000,
  6106,           0.9861060,       -1099.6340000,
  6107,           0.9861070,       -1099.5993000,
  6108,           0.9861080,       -1099.5650000,
  6109,           0.9861090,       -1099.5310000,
  6110,           0.9861100,       -1099.4981000,
  6111,           0.9861110,       -1099.4640000,
  6112,           0.9861120,       -1099.4283000,
  6113,           0.9861130,       -1099.3950000,
  6114,           0.9861140,       -1099.3592000,
  6115,           0.9861150,       -1099.3270000,
  6116,           0.9861160,       -1099.2930000,
  6117,           0.9861170,       -1099.2580000,
  6118,           0.9861180,       -1099.2232000,
  6119,           0.9861190,       -1099.1910000,
  6120,           0.9861200,       -1099.1570000,
  6121,           0.9861210,       -1099.1220000,
  6122,           0.9861220,       -1099.0880000,
  6123,           0.9861230,       -1099.0530000,
  6124,           0.9861240,       -1099.0200000,
  6125,           0.9861250,       -1098.9851000,
  6126,           0.9861260,       -1098.9512000,
  6127,           0.9861270,       -1098.9160000,
  6128,           0.9861280,       -1098.8850000,
  6129,           0.9861290,       -1098.8490000,
  6130,           0.9861300,       -1098.8140000,
  6131,           0.9861310,       -1098.7800000,
  6132,           0.9861320,       -1098.7450000,
  6133,           0.9861330,       -1098.7140000,
  6134,           0.9861340,       -1098.6784000,
  6135,           0.9861350,       -1098.6433000,
  6136,           0.9861360,       -1098.6081000,
  6137,           0.9861370,       -1098.5770000,
  6138,           0.9861380,       -1098.5420000,
  6139,           0.9861390,       -1098.5080000,
  6140,           0.9861400,       -1098.4730000,
  6141,           0.9861410,       -1098.4381000,
  6142,           0.9861420,       -1098.4060000,
  6143,           0.9861430,       -1098.3702000,
  6144,           0.9861440,       -1098.3370000,
  6145,           0.9861450,       -1098.3020000,
  6146,           0.9861460,       -1098.2700000,
  6147,           0.9861470,       -1098.2341000,
  6148,           0.9861480,       -1098.2010000,
  6149,           0.9861490,       -1098.1654000,
  6150,           0.9861500,       -1098.1320000,
  6151,           0.9861510,       -1098.0983000,
  6152,           0.9861520,       -1098.0644000,
  6153,           0.9861530,       -1098.0290000,
  6154,           0.9861540,       -1097.9951000,
  6155,           0.9861550,       -1097.9622000,
  6156,           0.9861560,       -1097.9290000,
  6157,           0.9861570,       -1097.8930000,
  6158,           0.9861580,       -1097.8580000,
  6159,           0.9861590,       -1097.8240000,
  6160,           0.9861600,       -1097.7912000,
  6161,           0.9861610,       -1097.7580000,
  6162,           0.9861620,       -1097.7224000,
  6163,           0.9861630,       -1097.6882000,
  6164,           0.9861640,       -1097.6550000,
  6165,           0.9861650,       -1097.6210000,
  6166,           0.9861660,       -1097.5860000,
  6167,           0.9861670,       -1097.5520000,
  6168,           0.9861680,       -1097.5160000,
  6169,           0.9861690,       -1097.4841000,
  6170,           0.9861700,       -1097.4500000,
  6171,           0.9861710,       -1097.4162000,
  6172,           0.9861720,       -1097.3810000,
  6173,           0.9861730,       -1097.3480000,
  6174,           0.9861740,       -1097.3134000,
  6175,           0.9861750,       -1097.2783000,
  6176,           0.9861760,       -1097.2451000,
  6177,           0.9861770,       -1097.2100000,
  6178,           0.9861780,       -1097.1781000,
  6179,           0.9861790,       -1097.1422000,
  6180,           0.9861800,       -1097.1083000,
  6181,           0.9861810,       -1097.0734000,
  6182,           0.9861820,       -1097.0412000,
  6183,           0.9861830,       -1097.0064000,
  6184,           0.9861840,       -1096.9720000,
  6185,           0.9861850,       -1096.9370000,
  6186,           0.9861860,       -1096.9020000,
  6187,           0.9861870,       -1096.8704000,
  6188,           0.9861880,       -1096.8360000,
  6189,           0.9861890,       -1096.8020000,
  6190,           0.9861900,       -1096.7661000,
  6191,           0.9861910,       -1096.7350000,
  6192,           0.9861920,       -1096.6990000,
  6193,           0.9861930,       -1096.6651000,
  6194,           0.9861940,       -1096.6301000,
  6195,           0.9861950,       -1096.5964000,
  6196,           0.9861960,       -1096.5632000,
  6197,           0.9861970,       -1096.5292000,
  6198,           0.9861980,       -1096.4940000,
  6199,           0.9861990,       -1096.4593000,
  6200,           0.9862000,       -1096.4272000,
  6201,           0.9862010,       -1096.3920000,
  6202,           0.9862020,       -1096.3582000,
  6203,           0.9862030,       -1096.3233000,
  6204,           0.9862040,       -1096.2900000,
  6205,           0.9862050,       -1096.2562000,
  6206,           0.9862060,       -1096.2230000,
  6207,           0.9862070,       -1096.1871000,
  6208,           0.9862080,       -1096.1534000,
  6209,           0.9862090,       -1096.1210000,
  6210,           0.9862100,       -1096.0871000,
  6211,           0.9862110,       -1096.0504000,
  6212,           0.9862120,       -1096.0170000,
  6213,           0.9862130,       -1095.9814000,
  6214,           0.9862140,       -1095.9490000,
  6215,           0.9862150,       -1095.9150000,
  6216,           0.9862160,       -1095.8801000,
  6217,           0.9862170,       -1095.8463000,
  6218,           0.9862180,       -1095.8131000,
  6219,           0.9862190,       -1095.7794000,
  6220,           0.9862200,       -1095.7450000,
  6221,           0.9862210,       -1095.7103000,
  6222,           0.9862220,       -1095.6744000,
  6223,           0.9862230,       -1095.6430000,
  6224,           0.9862240,       -1095.6081000,
  6225,           0.9862250,       -1095.5740000,
  6226,           0.9862260,       -1095.5391000,
  6227,           0.9862270,       -1095.5060000,
  6228,           0.9862280,       -1095.4720000,
  6229,           0.9862290,       -1095.4370000,
  6230,           0.9862300,       -1095.4031000,
  6231,           0.9862310,       -1095.3682000,
  6232,           0.9862320,       -1095.3360000,
  6233,           0.9862330,       -1095.3010000,
  6234,           0.9862340,       -1095.2673000,
  6235,           0.9862350,       -1095.2321000,
  6236,           0.9862360,       -1095.2010000,
  6237,           0.9862370,       -1095.1660000,
  6238,           0.9862380,       -1095.1320000,
  6239,           0.9862390,       -1095.0964000,
  6240,           0.9862400,       -1095.0610000,
  6241,           0.9862410,       -1095.0291000,
  6242,           0.9862420,       -1094.9950000,
  6243,           0.9862430,       -1094.9602000,
  6244,           0.9862440,       -1094.9250000,
  6245,           0.9862450,       -1094.8934000,
  6246,           0.9862460,       -1094.8583000,
  6247,           0.9862470,       -1094.8243000,
  6248,           0.9862480,       -1094.7900000,
  6249,           0.9862490,       -1094.7550000,
  6250,           0.9862500,       -1094.7220000,
  6251,           0.9862510,       -1094.6883000,
  6252,           0.9862520,       -1094.6540000,
  6253,           0.9862530,       -1094.6181000,
  6254,           0.9862540,       -1094.5861000,
  6255,           0.9862550,       -1094.5510000,
  6256,           0.9862560,       -1094.5180000,
  6257,           0.9862570,       -1094.4824000,
  6258,           0.9862580,       -1094.4500000,
  6259,           0.9862590,       -1094.4154000,
  6260,           0.9862600,       -1094.3820000,
  6261,           0.9862610,       -1094.3470000,
  6262,           0.9862620,       -1094.3130000,
  6263,           0.9862630,       -1094.2810000,
  6264,           0.9862640,       -1094.2460000,
  6265,           0.9862650,       -1094.2110000,
  6266,           0.9862660,       -1094.1762000,
  6267,           0.9862670,       -1094.1444000,
  6268,           0.9862680,       -1094.1092000,
  6269,           0.9862690,       -1094.0750000,
  6270,           0.9862700,       -1094.0400000,
  6271,           0.9862710,       -1094.0060000,
  6272,           0.9862720,       -1093.9730000,
  6273,           0.9862730,       -1093.9390000,
  6274,           0.9862740,       -1093.9040000,
  6275,           0.9862750,       -1093.8700000,
  6276,           0.9862760,       -1093.8372000,
  6277,           0.9862770,       -1093.8020000,
  6278,           0.9862780,       -1093.7674000,
  6279,           0.9862790,       -1093.7320000,
  6280,           0.9862800,       -1093.6984000,
  6281,           0.9862810,       -1093.6660000,
  6282,           0.9862820,       -1093.6320000,
  6283,           0.9862830,       -1093.5974000,
  6284,           0.9862840,       -1093.5624000,
  6285,           0.9862850,       -1093.5294000,
  6286,           0.9862860,       -1093.4960000,
  6287,           0.9862870,       -1093.4610000,
  6288,           0.9862880,       -1093.4280000,
  6289,           0.9862890,       -1093.3923000,
  6290,           0.9862900,       -1093.3590000,
  6291,           0.9862910,       -1093.3260000,
  6292,           0.9862920,       -1093.2904000,
  6293,           0.9862930,       -1093.2570000,
  6294,           0.9862940,       -1093.2240000,
  6295,           0.9862950,       -1093.1900000,
  6296,           0.9862960,       -1093.1550000,
  6297,           0.9862970,       -1093.1212000,
  6298,           0.9862980,       -1093.0860000,
  6299,           0.9862990,       -1093.0540000,
  6300,           0.9863000,       -1093.0190000,
  6301,           0.9863010,       -1092.9850000,
  6302,           0.9863020,       -1092.9500000,
  6303,           0.9863030,       -1092.9170000,
  6304,           0.9863040,       -1092.8830000,
  6305,           0.9863050,       -1092.8480000,
  6306,           0.9863060,       -1092.8133000,
  6307,           0.9863070,       -1092.7784000,
  6308,           0.9863080,       -1092.7470000,
  6309,           0.9863090,       -1092.7120000,
  6310,           0.9863100,       -1092.6774000,
  6311,           0.9863110,       -1092.6430000,
  6312,           0.9863120,       -1092.6113000,
  6313,           0.9863130,       -1092.5761000,
  6314,           0.9863140,       -1092.5420000,
  6315,           0.9863150,       -1092.5070000,
  6316,           0.9863160,       -1092.4720000,
  6317,           0.9863170,       -1092.4410000,
  6318,           0.9863180,       -1092.4060000,
  6319,           0.9863190,       -1092.3720000,
  6320,           0.9863200,       -1092.3370000,
  6321,           0.9863210,       -1092.3050000,
  6322,           0.9863220,       -1092.2701000,
  6323,           0.9863230,       -1092.2362000,
  6324,           0.9863240,       -1092.2012000,
  6325,           0.9863250,       -1092.1670000,
  6326,           0.9863260,       -1092.1340000,
  6327,           0.9863270,       -1092.0990000,
  6328,           0.9863280,       -1092.0650000,
  6329,           0.9863290,       -1092.0302000,
  6330,           0.9863300,       -1091.9980000,
  6331,           0.9863310,       -1091.9632000,
  6332,           0.9863320,       -1091.9293000,
  6333,           0.9863330,       -1091.8941000,
  6334,           0.9863340,       -1091.8604000,
  6335,           0.9863350,       -1091.8270000,
  6336,           0.9863360,       -1091.7932000,
  6337,           0.9863370,       -1091.7580000,
  6338,           0.9863380,       -1091.7243000,
  6339,           0.9863390,       -1091.6910000,
  6340,           0.9863400,       -1091.6561000,
  6341,           0.9863410,       -1091.6223000,
  6342,           0.9863420,       -1091.5874000,
  6343,           0.9863430,       -1091.5540000,
  6344,           0.9863440,       -1091.5210000,
  6345,           0.9863450,       -1091.4870000,
  6346,           0.9863460,       -1091.4520000,
  6347,           0.9863470,       -1091.4182000,
  6348,           0.9863480,       -1091.3851000,
  6349,           0.9863490,       -1091.3510000,
  6350,           0.9863500,       -1091.3160000,
  6351,           0.9863510,       -1091.2810000,
  6352,           0.9863520,       -1091.2474000,
  6353,           0.9863530,       -1091.2152000,
  6354,           0.9863540,       -1091.1810000,
  6355,           0.9863550,       -1091.1452000,
  6356,           0.9863560,       -1091.1120000,
  6357,           0.9863570,       -1091.0784000,
  6358,           0.9863580,       -1091.0450000,
  6359,           0.9863590,       -1091.0092000,
  6360,           0.9863600,       -1090.9760000,
  6361,           0.9863610,       -1090.9410000,
  6362,           0.9863620,       -1090.9100000,
  6363,           0.9863630,       -1090.8740000,
  6364,           0.9863640,       -1090.8382000,
  6365,           0.9863650,       -1090.8050000,
  6366,           0.9863660,       -1090.7720000,
  6367,           0.9863670,       -1090.7381000,
  6368,           0.9863680,       -1090.7032000,
  6369,           0.9863690,       -1090.6690000,
  6370,           0.9863700,       -1090.6342000,
  6371,           0.9863710,       -1090.6030000,
  6372,           0.9863720,       -1090.5680000,
  6373,           0.9863730,       -1090.5340000,
  6374,           0.9863740,       -1090.4990000,
  6375,           0.9863750,       -1090.4654000,
  6376,           0.9863760,       -1090.4322000,
  6377,           0.9863770,       -1090.3970000,
  6378,           0.9863780,       -1090.3630000,
  6379,           0.9863790,       -1090.3280000,
  6380,           0.9863800,       -1090.2970000,
  6381,           0.9863810,       -1090.2620000,
  6382,           0.9863820,       -1090.2282000,
  6383,           0.9863830,       -1090.1930000,
  6384,           0.9863840,       -1090.1610000,
  6385,           0.9863850,       -1090.1253000,
  6386,           0.9863860,       -1090.0904000,
  6387,           0.9863870,       -1090.0570000,
  6388,           0.9863880,       -1090.0220000,
  6389,           0.9863890,       -1089.9901000,
  6390,           0.9863900,       -1089.9553000,
  6391,           0.9863910,       -1089.9210000,
  6392,           0.9863920,       -1089.8860000,
  6393,           0.9863930,       -1089.8542000,
  6394,           0.9863940,       -1089.8190000,
  6395,           0.9863950,       -1089.7860000,
  6396,           0.9863960,       -1089.7510000,
  6397,           0.9863970,       -1089.7160000,
  6398,           0.9863980,       -1089.6834000,
  6399,           0.9863990,       -1089.6484000,
  6400,           0.9864000,       -1089.6150000,
  6401,           0.9864010,       -1089.5800000,
  6402,           0.9864020,       -1089.5480000,
  6403,           0.9864030,       -1089.5130000,
  6404,           0.9864040,       -1089.4793000,
  6405,           0.9864050,       -1089.4444000,
  6406,           0.9864060,       -1089.4110000,
  6407,           0.9864070,       -1089.3773000,
  6408,           0.9864080,       -1089.3440000,
  6409,           0.9864090,       -1089.3090000,
  6410,           0.9864100,       -1089.2740000,
  6411,           0.9864110,       -1089.2420000,
  6412,           0.9864120,       -1089.2070000,
  6413,           0.9864130,       -1089.1730000,
  6414,           0.9864140,       -1089.1380000,
  6415,           0.9864150,       -1089.1042000,
  6416,           0.9864160,       -1089.0710000,
  6417,           0.9864170,       -1089.0372000,
  6418,           0.9864180,       -1089.0024000,
  6419,           0.9864190,       -1088.9690000,
  6420,           0.9864200,       -1088.9350000,
  6421,           0.9864210,       -1088.9000000,
  6422,           0.9864220,       -1088.8663000,
  6423,           0.9864230,       -1088.8320000,
  6424,           0.9864240,       -1088.7980000,
  6425,           0.9864250,       -1088.7650000,
  6426,           0.9864260,       -1088.7312000,
  6427,           0.9864270,       -1088.6962000,
  6428,           0.9864280,       -1088.6630000,
  6429,           0.9864290,       -1088.6300000,
  6430,           0.9864300,       -1088.5960000,
  6431,           0.9864310,       -1088.5610000,
  6432,           0.9864320,       -1088.5260000,
  6433,           0.9864330,       -1088.4920000,
  6434,           0.9864340,       -1088.4584000,
  6435,           0.9864350,       -1088.4250000,
  6436,           0.9864360,       -1088.3901000,
  6437,           0.9864370,       -1088.3570000,
  6438,           0.9864380,       -1088.3240000,
  6439,           0.9864390,       -1088.2900000,
  6440,           0.9864400,       -1088.2550000,
  6441,           0.9864410,       -1088.2203000,
  6442,           0.9864420,       -1088.1860000,
  6443,           0.9864430,       -1088.1531000,
  6444,           0.9864440,       -1088.1190000,
  6445,           0.9864450,       -1088.0840000,
  6446,           0.9864460,       -1088.0500000,
  6447,           0.9864470,       -1088.0180000,
  6448,           0.9864480,       -1087.9830000,
  6449,           0.9864490,       -1087.9480000,
  6450,           0.9864500,       -1087.9144000,
  6451,           0.9864510,       -1087.8792000,
  6452,           0.9864520,       -1087.8480000,
  6453,           0.9864530,       -1087.8130000,
  6454,           0.9864540,       -1087.7773000,
  6455,           0.9864550,       -1087.7440000,
  6456,           0.9864560,       -1087.7120000,
  6457,           0.9864570,       -1087.6770000,
  6458,           0.9864580,       -1087.6430000,
  6459,           0.9864590,       -1087.6090000,
  6460,           0.9864600,       -1087.5761000,
  6461,           0.9864610,       -1087.5422000,
  6462,           0.9864620,       -1087.5070000,
  6463,           0.9864630,       -1087.4740000,
  6464,           0.9864640,       -1087.4384000,
  6465,           0.9864650,       -1087.4060000,
  6466,           0.9864660,       -1087.3730000,
  6467,           0.9864670,       -1087.3370000,
  6468,           0.9864680,       -1087.3030000,
  6469,           0.9864690,       -1087.2701000,
  6470,           0.9864700,       -1087.2360000,
  6471,           0.9864710,       -1087.2004000,
  6472,           0.9864720,       -1087.1670000,
  6473,           0.9864730,       -1087.1320000,
  6474,           0.9864740,       -1087.1010000,
  6475,           0.9864750,       -1087.0661000,
  6476,           0.9864760,       -1087.0300000,
  6477,           0.9864770,       -1086.9964000,
  6478,           0.9864780,       -1086.9640000,
  6479,           0.9864790,       -1086.9300000,
  6480,           0.9864800,       -1086.8944000,
  6481,           0.9864810,       -1086.8610000,
  6482,           0.9864820,       -1086.8262000,
  6483,           0.9864830,       -1086.7950000,
  6484,           0.9864840,       -1086.7600000,
  6485,           0.9864850,       -1086.7260000,
  6486,           0.9864860,       -1086.6910000,
  6487,           0.9864870,       -1086.6583000,
  6488,           0.9864880,       -1086.6241000,
  6489,           0.9864890,       -1086.5890000,
  6490,           0.9864900,       -1086.5550000,
  6491,           0.9864910,       -1086.5210000,
  6492,           0.9864920,       -1086.4892000,
  6493,           0.9864930,       -1086.4550000,
  6494,           0.9864940,       -1086.4202000,
  6495,           0.9864950,       -1086.3854000,
  6496,           0.9864960,       -1086.3541000,
  6497,           0.9864970,       -1086.3192000,
  6498,           0.9864980,       -1086.2833000,
  6499,           0.9864990,       -1086.2500000,
  6500,           0.9865000,       -1086.2144000,
  6501,           0.9865010,       -1086.1831000,
  6502,           0.9865020,       -1086.1490000,
  6503,           0.9865030,       -1086.1143000,
  6504,           0.9865040,       -1086.0790000,
  6505,           0.9865050,       -1086.0471000,
  6506,           0.9865060,       -1086.0122000,
  6507,           0.9865070,       -1085.9781000,
  6508,           0.9865080,       -1085.9432000,
  6509,           0.9865090,       -1085.9082000,
  6510,           0.9865100,       -1085.8770000,
  6511,           0.9865110,       -1085.8420000,
  6512,           0.9865120,       -1085.8080000,
  6513,           0.9865130,       -1085.7730000,
  6514,           0.9865140,       -1085.7420000,
  6515,           0.9865150,       -1085.7073000,
  6516,           0.9865160,       -1085.6724000,
  6517,           0.9865170,       -1085.6380000,
  6518,           0.9865180,       -1085.6042000,
  6519,           0.9865190,       -1085.5720000,
  6520,           0.9865200,       -1085.5360000,
  6521,           0.9865210,       -1085.5030000,
  6522,           0.9865220,       -1085.4683000,
  6523,           0.9865230,       -1085.4370000,
  6524,           0.9865240,       -1085.4020000,
  6525,           0.9865250,       -1085.3680000,
  6526,           0.9865260,       -1085.3330000,
  6527,           0.9865270,       -1085.2990000,
  6528,           0.9865280,       -1085.2660000,
  6529,           0.9865290,       -1085.2304000,
  6530,           0.9865300,       -1085.1973000,
  6531,           0.9865310,       -1085.1623000,
  6532,           0.9865320,       -1085.1300000,
  6533,           0.9865330,       -1085.0942000,
  6534,           0.9865340,       -1085.0612000,
  6535,           0.9865350,       -1085.0262000,
  6536,           0.9865360,       -1084.9930000,
  6537,           0.9865370,       -1084.9600000,
  6538,           0.9865380,       -1084.9260000,
  6539,           0.9865390,       -1084.8910000,
  6540,           0.9865400,       -1084.8570000,
  6541,           0.9865410,       -1084.8250000,
  6542,           0.9865420,       -1084.7900000,
  6543,           0.9865430,       -1084.7554000,
  6544,           0.9865440,       -1084.7210000,
  6545,           0.9865450,       -1084.6880000,
  6546,           0.9865460,       -1084.6540000,
  6547,           0.9865470,       -1084.6203000,
  6548,           0.9865480,       -1084.5860000,
  6549,           0.9865490,       -1084.5521000,
  6550,           0.9865500,       -1084.5200000,
  6551,           0.9865510,       -1084.4840000,
  6552,           0.9865520,       -1084.4501000,
  6553,           0.9865530,       -1084.4160000,
  6554,           0.9865540,       -1084.3820000,
  6555,           0.9865550,       -1084.3490000,
  6556,           0.9865560,       -1084.3153000,
  6557,           0.9865570,       -1084.2800000,
  6558,           0.9865580,       -1084.2470000,
  6559,           0.9865590,       -1084.2140000,
  6560,           0.9865600,       -1084.1780000,
  6561,           0.9865610,       -1084.1444000,
  6562,           0.9865620,       -1084.1100000,
  6563,           0.9865630,       -1084.0760000,
  6564,           0.9865640,       -1084.0430000,
  6565,           0.9865650,       -1084.0092000,
  6566,           0.9865660,       -1083.9743000,
  6567,           0.9865670,       -1083.9411000,
  6568,           0.9865680,       -1083.9073000,
  6569,           0.9865690,       -1083.8740000,
  6570,           0.9865700,       -1083.8393000,
  6571,           0.9865710,       -1083.8044000,
  6572,           0.9865720,       -1083.7710000,
  6573,           0.9865730,       -1083.7380000,
  6574,           0.9865740,       -1083.7040000,
  6575,           0.9865750,       -1083.6694000,
  6576,           0.9865760,       -1083.6353000,
  6577,           0.9865770,       -1083.6024000,
  6578,           0.9865780,       -1083.5690000,
  6579,           0.9865790,       -1083.5343000,
  6580,           0.9865800,       -1083.4992000,
  6581,           0.9865810,       -1083.4650000,
  6582,           0.9865820,       -1083.4323000,
  6583,           0.9865830,       -1083.3991000,
  6584,           0.9865840,       -1083.3640000,
  6585,           0.9865850,       -1083.3300000,
  6586,           0.9865860,       -1083.2970000,
  6587,           0.9865870,       -1083.2633000,
  6588,           0.9865880,       -1083.2280000,
  6589,           0.9865890,       -1083.1940000,
  6590,           0.9865900,       -1083.1590000,
  6591,           0.9865910,       -1083.1264000,
  6592,           0.9865920,       -1083.0933000,
  6593,           0.9865930,       -1083.0580000,
  6594,           0.9865940,       -1083.0240000,
  6595,           0.9865950,       -1082.9920000,
  6596,           0.9865960,       -1082.9581000,
  6597,           0.9865970,       -1082.9234000,
  6598,           0.9865980,       -1082.8890000,
  6599,           0.9865990,       -1082.8542000,
  6600,           0.9866000,       -1082.8214000,
  6601,           0.9866010,       -1082.7882000,
  6602,           0.9866020,       -1082.7530000,
  6603,           0.9866030,       -1082.7190000,
  6604,           0.9866040,       -1082.6860000,
  6605,           0.9866050,       -1082.6530000,
  6606,           0.9866060,       -1082.6173000,
  6607,           0.9866070,       -1082.5834000,
  6608,           0.9866080,       -1082.5490000,
  6609,           0.9866090,       -1082.5180000,
  6610,           0.9866100,       -1082.4822000,
  6611,           0.9866110,       -1082.4480000,
  6612,           0.9866120,       -1082.4140000,
  6613,           0.9866130,       -1082.3810000,
  6614,           0.9866140,       -1082.3470000,
  6615,           0.9866150,       -1082.3122000,
  6616,           0.9866160,       -1082.2780000,
  6617,           0.9866170,       -1082.2432000,
  6618,           0.9866180,       -1082.2120000,
  6619,           0.9866190,       -1082.1770000,
  6620,           0.9866200,       -1082.1414000,
  6621,           0.9866210,       -1082.1082000,
  6622,           0.9866220,       -1082.0754000,
  6623,           0.9866230,       -1082.0413000,
  6624,           0.9866240,       -1082.0064000,
  6625,           0.9866250,       -1081.9732000,
  6626,           0.9866260,       -1081.9381000,
  6627,           0.9866270,       -1081.9064000,
  6628,           0.9866280,       -1081.8720000,
  6629,           0.9866290,       -1081.8380000,
  6630,           0.9866300,       -1081.8034000,
  6631,           0.9866310,       -1081.7703000,
  6632,           0.9866320,       -1081.7370000,
  6633,           0.9866330,       -1081.7020000,
  6634,           0.9866340,       -1081.6682000,
  6635,           0.9866350,       -1081.6340000,
  6636,           0.9866360,       -1081.6013000,
  6637,           0.9866370,       -1081.5670000,
  6638,           0.9866380,       -1081.5330000,
  6639,           0.9866390,       -1081.4990000,
  6640,           0.9866400,       -1081.4650000,
  6641,           0.9866410,       -1081.4313000,
  6642,           0.9866420,       -1081.3970000,
  6643,           0.9866430,       -1081.3632000,
  6644,           0.9866440,       -1081.3280000,
  6645,           0.9866450,       -1081.2960000,
  6646,           0.9866460,       -1081.2610000,
  6647,           0.9866470,       -1081.2280000,
  6648,           0.9866480,       -1081.1922000,
  6649,           0.9866490,       -1081.1594000,
  6650,           0.9866500,       -1081.1260000,
  6651,           0.9866510,       -1081.0910000,
  6652,           0.9866520,       -1081.0574000,
  6653,           0.9866530,       -1081.0250000,
  6654,           0.9866540,       -1080.9910000,
  6655,           0.9866550,       -1080.9562000,
  6656,           0.9866560,       -1080.9220000,
  6657,           0.9866570,       -1080.8873000,
  6658,           0.9866580,       -1080.8551000,
  6659,           0.9866590,       -1080.8220000,
  6660,           0.9866600,       -1080.7863000,
  6661,           0.9866610,       -1080.7530000,
  6662,           0.9866620,       -1080.7200000,
  6663,           0.9866630,       -1080.6862000,
  6664,           0.9866640,       -1080.6503000,
  6665,           0.9866650,       -1080.6180000,
  6666,           0.9866660,       -1080.5830000,
  6667,           0.9866670,       -1080.5513000,
  6668,           0.9866680,       -1080.5160000,
  6669,           0.9866690,       -1080.4813000,
  6670,           0.9866700,       -1080.4473000,
  6671,           0.9866710,       -1080.4150000,
  6672,           0.9866720,       -1080.3810000,
  6673,           0.9866730,       -1080.3460000,
  6674,           0.9866740,       -1080.3121000,
  6675,           0.9866750,       -1080.2772000,
  6676,           0.9866760,       -1080.2452000,
  6677,           0.9866770,       -1080.2110000,
  6678,           0.9866780,       -1080.1760000,
  6679,           0.9866790,       -1080.1423000,
  6680,           0.9866800,       -1080.1092000,
  6681,           0.9866810,       -1080.0760000,
  6682,           0.9866820,       -1080.0410000,
  6683,           0.9866830,       -1080.0073000,
  6684,           0.9866840,       -1079.9730000,
  6685,           0.9866850,       -1079.9410000,
  6686,           0.9866860,       -1079.9062000,
  6687,           0.9866870,       -1079.8710000,
  6688,           0.9866880,       -1079.8370000,
  6689,           0.9866890,       -1079.8043000,
  6690,           0.9866900,       -1079.7710000,
  6691,           0.9866910,       -1079.7370000,
  6692,           0.9866920,       -1079.7022000,
  6693,           0.9866930,       -1079.6680000,
  6694,           0.9866940,       -1079.6362000,
  6695,           0.9866950,       -1079.6013000,
  6696,           0.9866960,       -1079.5670000,
  6697,           0.9866970,       -1079.5330000,
  6698,           0.9866980,       -1079.5000000,
  6699,           0.9866990,       -1079.4664000,
  6700,           0.9867000,       -1079.4310000,
  6701,           0.9867010,       -1079.3970000,
  6702,           0.9867020,       -1079.3620000,
  6703,           0.9867030,       -1079.3310000,
  6704,           0.9867040,       -1079.2960000,
  6705,           0.9867050,       -1079.2620000,
  6706,           0.9867060,       -1079.2270000,
  6707,           0.9867070,       -1079.1950000,
  6708,           0.9867080,       -1079.1610000,
  6709,           0.9867090,       -1079.1260000,
  6710,           0.9867100,       -1079.0922000,
  6711,           0.9867110,       -1079.0580000,
  6712,           0.9867120,       -1079.0260000,
  6713,           0.9867130,       -1078.9910000,
  6714,           0.9867140,       -1078.9580000,
  6715,           0.9867150,       -1078.9230000,
  6716,           0.9867160,       -1078.8900000,
  6717,           0.9867170,       -1078.8563000,
  6718,           0.9867180,       -1078.8220000,
  6719,           0.9867190,       -1078.7880000,
  6720,           0.9867200,       -1078.7521000,
  6721,           0.9867210,       -1078.7220000,
  6722,           0.9867220,       -1078.6870000,
  6723,           0.9867230,       -1078.6530000,
  6724,           0.9867240,       -1078.6180000,
  6725,           0.9867250,       -1078.5853000,
  6726,           0.9867260,       -1078.5520000,
  6727,           0.9867270,       -1078.5170000,
  6728,           0.9867280,       -1078.4830000,
  6729,           0.9867290,       -1078.4480000,
  6730,           0.9867300,       -1078.4160000,
  6731,           0.9867310,       -1078.3813000,
  6732,           0.9867320,       -1078.3480000,
  6733,           0.9867330,       -1078.3130000,
  6734,           0.9867340,       -1078.2801000,
  6735,           0.9867350,       -1078.2470000,
  6736,           0.9867360,       -1078.2113000,
  6737,           0.9867370,       -1078.1771000,
  6738,           0.9867380,       -1078.1430000,
  6739,           0.9867390,       -1078.1120000,
  6740,           0.9867400,       -1078.0761000,
  6741,           0.9867410,       -1078.0430000,
  6742,           0.9867420,       -1078.0081000,
  6743,           0.9867430,       -1077.9760000,
  6744,           0.9867440,       -1077.9420000,
  6745,           0.9867450,       -1077.9071000,
  6746,           0.9867460,       -1077.8740000,
  6747,           0.9867470,       -1077.8390000,
  6748,           0.9867480,       -1077.8070000,
  6749,           0.9867490,       -1077.7723000,
  6750,           0.9867500,       -1077.7390000,
  6751,           0.9867510,       -1077.7040000,
  6752,           0.9867520,       -1077.6710000,
  6753,           0.9867530,       -1077.6374000,
  6754,           0.9867540,       -1077.6024000,
  6755,           0.9867550,       -1077.5692000,
  6756,           0.9867560,       -1077.5332000,
  6757,           0.9867570,       -1077.5020000,
  6758,           0.9867580,       -1077.4672000,
  6759,           0.9867590,       -1077.4331000,
  6760,           0.9867600,       -1077.3980000,
  6761,           0.9867610,       -1077.3660000,
  6762,           0.9867620,       -1077.3323000,
  6763,           0.9867630,       -1077.2970000,
  6764,           0.9867640,       -1077.2631000,
  6765,           0.9867650,       -1077.2290000,
  6766,           0.9867660,       -1077.1973000,
  6767,           0.9867670,       -1077.1630000,
  6768,           0.9867680,       -1077.1290000,
  6769,           0.9867690,       -1077.0941000,
  6770,           0.9867700,       -1077.0612000,
  6771,           0.9867710,       -1077.0280000,
  6772,           0.9867720,       -1076.9930000,
  6773,           0.9867730,       -1076.9592000,
  6774,           0.9867740,       -1076.9250000,
  6775,           0.9867750,       -1076.8930000,
  6776,           0.9867760,       -1076.8580000,
  6777,           0.9867770,       -1076.8250000,
  6778,           0.9867780,       -1076.7902000,
  6779,           0.9867790,       -1076.7570000,
  6780,           0.9867800,       -1076.7240000,
  6781,           0.9867810,       -1076.6890000,
  6782,           0.9867820,       -1076.6550000,
  6783,           0.9867830,       -1076.6200000,
  6784,           0.9867840,       -1076.5890000,
  6785,           0.9867850,       -1076.5530000,
  6786,           0.9867860,       -1076.5192000,
  6787,           0.9867870,       -1076.4850000,
  6788,           0.9867880,       -1076.4520000,
  6789,           0.9867890,       -1076.4190000,
  6790,           0.9867900,       -1076.3830000,
  6791,           0.9867910,       -1076.3500000,
  6792,           0.9867920,       -1076.3151000,
  6793,           0.9867930,       -1076.2840000,
  6794,           0.9867940,       -1076.2490000,
  6795,           0.9867950,       -1076.2153000,
  6796,           0.9867960,       -1076.1810000,
  6797,           0.9867970,       -1076.1481000,
  6798,           0.9867980,       -1076.1140000,
  6799,           0.9867990,       -1076.0792000,
  6800,           0.9868000,       -1076.0460000,
  6801,           0.9868010,       -1076.0111000,
  6802,           0.9868020,       -1075.9794000,
  6803,           0.9868030,       -1075.9444000,
  6804,           0.9868040,       -1075.9111000,
  6805,           0.9868050,       -1075.8763000,
  6806,           0.9868060,       -1075.8433000,
  6807,           0.9868070,       -1075.8100000,
  6808,           0.9868080,       -1075.7753000,
  6809,           0.9868090,       -1075.7410000,
  6810,           0.9868100,       -1075.7070000,
  6811,           0.9868110,       -1075.6760000,
  6812,           0.9868120,       -1075.6400000,
  6813,           0.9868130,       -1075.6050000,
  6814,           0.9868140,       -1075.5711000,
  6815,           0.9868150,       -1075.5390000,
  6816,           0.9868160,       -1075.5051000,
  6817,           0.9868170,       -1075.4700000,
  6818,           0.9868180,       -1075.4370000,
  6819,           0.9868190,       -1075.4023000,
  6820,           0.9868200,       -1075.3702000,
  6821,           0.9868210,       -1075.3354000,
  6822,           0.9868220,       -1075.3010000,
  6823,           0.9868230,       -1075.2670000,
  6824,           0.9868240,       -1075.2343000,
  6825,           0.9868250,       -1075.2000000,
  6826,           0.9868260,       -1075.1660000,
  6827,           0.9868270,       -1075.1330000,
  6828,           0.9868280,       -1075.0971000,
  6829,           0.9868290,       -1075.0660000,
  6830,           0.9868300,       -1075.0314000,
  6831,           0.9868310,       -1074.9970000,
  6832,           0.9868320,       -1074.9630000,
  6833,           0.9868330,       -1074.9301000,
  6834,           0.9868340,       -1074.8970000,
  6835,           0.9868350,       -1074.8621000,
  6836,           0.9868360,       -1074.8284000,
  6837,           0.9868370,       -1074.7940000,
  6838,           0.9868380,       -1074.7624000,
  6839,           0.9868390,       -1074.7270000,
  6840,           0.9868400,       -1074.6920000,
  6841,           0.9868410,       -1074.6580000,
  6842,           0.9868420,       -1074.6260000,
  6843,           0.9868430,       -1074.5920000,
  6844,           0.9868440,       -1074.5570000,
  6845,           0.9868450,       -1074.5240000,
  6846,           0.9868460,       -1074.4890000,
  6847,           0.9868470,       -1074.4570000,
  6848,           0.9868480,       -1074.4222000,
  6849,           0.9868490,       -1074.3874000,
  6850,           0.9868500,       -1074.3540000,
  6851,           0.9868510,       -1074.3220000,
  6852,           0.9868520,       -1074.2880000,
  6853,           0.9868530,       -1074.2532000,
  6854,           0.9868540,       -1074.2191000,
  6855,           0.9868550,       -1074.1870000,
  6856,           0.9868560,       -1074.1520000,
  6857,           0.9868570,       -1074.1190000,
  6858,           0.9868580,       -1074.0833000,
  6859,           0.9868590,       -1074.0502000,
  6860,           0.9868600,       -1074.0174000,
  6861,           0.9868610,       -1073.9840000,
  6862,           0.9868620,       -1073.9490000,
  6863,           0.9868630,       -1073.9160000,
  6864,           0.9868640,       -1073.8830000,
  6865,           0.9868650,       -1073.8480000,
  6866,           0.9868660,       -1073.8144000,
  6867,           0.9868670,       -1073.7800000,
  6868,           0.9868680,       -1073.7454000,
  6869,           0.9868690,       -1073.7121000,
  6870,           0.9868700,       -1073.6791000,
  6871,           0.9868710,       -1073.6450000,
  6872,           0.9868720,       -1073.6114000,
  6873,           0.9868730,       -1073.5781000,
  6874,           0.9868740,       -1073.5430000,
  6875,           0.9868750,       -1073.5101000,
  6876,           0.9868760,       -1073.4750000,
  6877,           0.9868770,       -1073.4414000,
  6878,           0.9868780,       -1073.4091000,
  6879,           0.9868790,       -1073.3760000,
  6880,           0.9868800,       -1073.3402000,
  6881,           0.9868810,       -1073.3071000,
  6882,           0.9868820,       -1073.2740000,
  6883,           0.9868830,       -1073.2390000,
  6884,           0.9868840,       -1073.2060000,
  6885,           0.9868850,       -1073.1720000,
  6886,           0.9868860,       -1073.1380000,
  6887,           0.9868870,       -1073.1050000,
  6888,           0.9868880,       -1073.0712000,
  6889,           0.9868890,       -1073.0370000,
  6890,           0.9868900,       -1073.0021000,
  6891,           0.9868910,       -1072.9700000,
  6892,           0.9868920,       -1072.9361000,
  6893,           0.9868930,       -1072.9022000,
  6894,           0.9868940,       -1072.8680000,
  6895,           0.9868950,       -1072.8340000,
  6896,           0.9868960,       -1072.8004000,
  6897,           0.9868970,       -1072.7673000,
  6898,           0.9868980,       -1072.7320000,
  6899,           0.9868990,       -1072.6980000,
  6900,           0.9869000,       -1072.6662000,
  6901,           0.9869010,       -1072.6311000,
  6902,           0.9869020,       -1072.5974000,
  6903,           0.9869030,       -1072.5630000,
  6904,           0.9869040,       -1072.5300000,
  6905,           0.9869050,       -1072.4964000,
  6906,           0.9869060,       -1072.4613000,
  6907,           0.9869070,       -1072.4283000,
  6908,           0.9869080,       -1072.3940000,
  6909,           0.9869090,       -1072.3620000,
  6910,           0.9869100,       -1072.3273000,
  6911,           0.9869110,       -1072.2940000,
  6912,           0.9869120,       -1072.2600000,
  6913,           0.9869130,       -1072.2253000,
  6914,           0.9869140,       -1072.1931000,
  6915,           0.9869150,       -1072.1582000,
  6916,           0.9869160,       -1072.1242000,
  6917,           0.9869170,       -1072.0900000,
  6918,           0.9869180,       -1072.0590000,
  6919,           0.9869190,       -1072.0240000,
  6920,           0.9869200,       -1071.9900000,
  6921,           0.9869210,       -1071.9553000,
  6922,           0.9869220,       -1071.9222000,
  6923,           0.9869230,       -1071.8890000,
  6924,           0.9869240,       -1071.8540000,
  6925,           0.9869250,       -1071.8204000,
  6926,           0.9869260,       -1071.7860000,
  6927,           0.9869270,       -1071.7542000,
  6928,           0.9869280,       -1071.7190000,
  6929,           0.9869290,       -1071.6860000,
  6930,           0.9869300,       -1071.6520000,
  6931,           0.9869310,       -1071.6162000,
  6932,           0.9869320,       -1071.5850000,
  6933,           0.9869330,       -1071.5501000,
  6934,           0.9869340,       -1071.5170000,
  6935,           0.9869350,       -1071.4820000,
  6936,           0.9869360,       -1071.4503000,
  6937,           0.9869370,       -1071.4154000,
  6938,           0.9869380,       -1071.3820000,
  6939,           0.9869390,       -1071.3480000,
  6940,           0.9869400,       -1071.3130000,
  6941,           0.9869410,       -1071.2810000,
  6942,           0.9869420,       -1071.2464000,
  6943,           0.9869430,       -1071.2132000,
  6944,           0.9869440,       -1071.1782000,
  6945,           0.9869450,       -1071.1470000,
  6946,           0.9869460,       -1071.1121000,
  6947,           0.9869470,       -1071.0780000,
  6948,           0.9869480,       -1071.0434000,
  6949,           0.9869490,       -1071.0090000,
  6950,           0.9869500,       -1070.9780000,
  6951,           0.9869510,       -1070.9430000,
  6952,           0.9869520,       -1070.9080000,
  6953,           0.9869530,       -1070.8740000,
  6954,           0.9869540,       -1070.8430000,
  6955,           0.9869550,       -1070.8074000,
  6956,           0.9869560,       -1070.7724000,
  6957,           0.9869570,       -1070.7392000,
  6958,           0.9869580,       -1070.7050000,
  6959,           0.9869590,       -1070.6732000,
  6960,           0.9869600,       -1070.6390000,
  6961,           0.9869610,       -1070.6052000,
  6962,           0.9869620,       -1070.5703000,
  6963,           0.9869630,       -1070.5380000,
  6964,           0.9869640,       -1070.5050000,
  6965,           0.9869650,       -1070.4700000,
  6966,           0.9869660,       -1070.4360000,
  6967,           0.9869670,       -1070.4011000,
  6968,           0.9869680,       -1070.3700000,
  6969,           0.9869690,       -1070.3350000,
  6970,           0.9869700,       -1070.3020000,
  6971,           0.9869710,       -1070.2670000,
  6972,           0.9869720,       -1070.2350000,
  6973,           0.9869730,       -1070.2001000,
  6974,           0.9869740,       -1070.1660000,
  6975,           0.9869750,       -1070.1330000,
  6976,           0.9869760,       -1070.0990000,
  6977,           0.9869770,       -1070.0664000,
  6978,           0.9869780,       -1070.0320000,
  6979,           0.9869790,       -1069.9970000,
  6980,           0.9869800,       -1069.9624000,
  6981,           0.9869810,       -1069.9300000,
  6982,           0.9869820,       -1069.8970000,
  6983,           0.9869830,       -1069.8620000,
  6984,           0.9869840,       -1069.8282000,
  6985,           0.9869850,       -1069.7940000,
  6986,           0.9869860,       -1069.7630000,
  6987,           0.9869870,       -1069.7271000,
  6988,           0.9869880,       -1069.6930000,
  6989,           0.9869890,       -1069.6600000,
  6990,           0.9869900,       -1069.6270000,
  6991,           0.9869910,       -1069.5931000,
  6992,           0.9869920,       -1069.5584000,
  6993,           0.9869930,       -1069.5251000,
  6994,           0.9869940,       -1069.4900000,
  6995,           0.9869950,       -1069.4573000,
  6996,           0.9869960,       -1069.4244000,
  6997,           0.9869970,       -1069.3900000,
  6998,           0.9869980,       -1069.3560000,
  6999,           0.9869990,       -1069.3240000,
  7000,           0.9870000,       -1069.2901000,
  7001,           0.9870010,       -1069.2550000,
  7002,           0.9870020,       -1069.2220000,
  7003,           0.9870030,       -1069.1871000,
  7004,           0.9870040,       -1069.1542000,
  7005,           0.9870050,       -1069.1210000,
  7006,           0.9870060,       -1069.0861000,
  7007,           0.9870070,       -1069.0530000,
  7008,           0.9870080,       -1069.0200000,
  7009,           0.9870090,       -1068.9860000,
  7010,           0.9870100,       -1068.9512000,
  7011,           0.9870110,       -1068.9161000,
  7012,           0.9870120,       -1068.8830000,
  7013,           0.9870130,       -1068.8510000,
  7014,           0.9870140,       -1068.8170000,
  7015,           0.9870150,       -1068.7821000,
  7016,           0.9870160,       -1068.7490000,
  7017,           0.9870170,       -1068.7164000,
  7018,           0.9870180,       -1068.6812000,
  7019,           0.9870190,       -1068.6481000,
  7020,           0.9870200,       -1068.6131000,
  7021,           0.9870210,       -1068.5800000,
  7022,           0.9870220,       -1068.5471000,
  7023,           0.9870230,       -1068.5140000,
  7024,           0.9870240,       -1068.4790000,
  7025,           0.9870250,       -1068.4460000,
  7026,           0.9870260,       -1068.4130000,
  7027,           0.9870270,       -1068.3790000,
  7028,           0.9870280,       -1068.3444000,
  7029,           0.9870290,       -1068.3100000,
  7030,           0.9870300,       -1068.2764000,
  7031,           0.9870310,       -1068.2442000,
  7032,           0.9870320,       -1068.2110000,
  7033,           0.9870330,       -1068.1754000,
  7034,           0.9870340,       -1068.1410000,
  7035,           0.9870350,       -1068.1090000,
  7036,           0.9870360,       -1068.0750000,
  7037,           0.9870370,       -1068.0411000,
  7038,           0.9870380,       -1068.0062000,
  7039,           0.9870390,       -1067.9730000,
  7040,           0.9870400,       -1067.9404000,
  7041,           0.9870410,       -1067.9071000,
  7042,           0.9870420,       -1067.8713000,
  7043,           0.9870430,       -1067.8371000,
  7044,           0.9870440,       -1067.8060000,
  7045,           0.9870450,       -1067.7710000,
  7046,           0.9870460,       -1067.7380000,
  7047,           0.9870470,       -1067.7031000,
  7048,           0.9870480,       -1067.6713000,
  7049,           0.9870490,       -1067.6370000,
  7050,           0.9870500,       -1067.6020000,
  7051,           0.9870510,       -1067.5690000,
  7052,           0.9870520,       -1067.5340000,
  7053,           0.9870530,       -1067.5030000,
  7054,           0.9870540,       -1067.4683000,
  7055,           0.9870550,       -1067.4344000,
  7056,           0.9870560,       -1067.4000000,
  7057,           0.9870570,       -1067.3673000,
  7058,           0.9870580,       -1067.3342000,
  7059,           0.9870590,       -1067.2990000,
  7060,           0.9870600,       -1067.2660000,
  7061,           0.9870610,       -1067.2314000,
  7062,           0.9870620,       -1067.1993000,
  7063,           0.9870630,       -1067.1650000,
  7064,           0.9870640,       -1067.1313000,
  7065,           0.9870650,       -1067.0961000,
  7066,           0.9870660,       -1067.0640000,
  7067,           0.9870670,       -1067.0300000,
  7068,           0.9870680,       -1066.9960000,
  7069,           0.9870690,       -1066.9620000,
  7070,           0.9870700,       -1066.9272000,
  7071,           0.9870710,       -1066.8961000,
  7072,           0.9870720,       -1066.8610000,
  7073,           0.9870730,       -1066.8270000,
  7074,           0.9870740,       -1066.7930000,
  7075,           0.9870750,       -1066.7602000,
  7076,           0.9870760,       -1066.7270000,
  7077,           0.9870770,       -1066.6930000,
  7078,           0.9870780,       -1066.6590000,
  7079,           0.9870790,       -1066.6240000,
  7080,           0.9870800,       -1066.5920000,
  7081,           0.9870810,       -1066.5584000,
  7082,           0.9870820,       -1066.5240000,
  7083,           0.9870830,       -1066.4902000,
  7084,           0.9870840,       -1066.4580000,
  7085,           0.9870850,       -1066.4240000,
  7086,           0.9870860,       -1066.3890000,
  7087,           0.9870870,       -1066.3550000,
  7088,           0.9870880,       -1066.3220000,
  7089,           0.9870890,       -1066.2884000,
  7090,           0.9870900,       -1066.2552000,
  7091,           0.9870910,       -1066.2203000,
  7092,           0.9870920,       -1066.1864000,
  7093,           0.9870930,       -1066.1540000,
  7094,           0.9870940,       -1066.1193000,
  7095,           0.9870950,       -1066.0860000,
  7096,           0.9870960,       -1066.0511000,
  7097,           0.9870970,       -1066.0180000,
  7098,           0.9870980,       -1065.9860000,
  7099,           0.9870990,       -1065.9520000,
  7100,           0.9871000,       -1065.9171000,
  7101,           0.9871010,       -1065.8841000,
  7102,           0.9871020,       -1065.8511000,
  7103,           0.9871030,       -1065.8161000,
  7104,           0.9871040,       -1065.7830000,
  7105,           0.9871050,       -1065.7490000,
  7106,           0.9871060,       -1065.7150000,
  7107,           0.9871070,       -1065.6830000,
  7108,           0.9871080,       -1065.6492000,
  7109,           0.9871090,       -1065.6140000,
  7110,           0.9871100,       -1065.5800000,
  7111,           0.9871110,       -1065.5490000,
  7112,           0.9871120,       -1065.5134000,
  7113,           0.9871130,       -1065.4800000,
  7114,           0.9871140,       -1065.4460000,
  7115,           0.9871150,       -1065.4114000,
  7116,           0.9871160,       -1065.3792000,
  7117,           0.9871170,       -1065.3450000,
  7118,           0.9871180,       -1065.3114000,
  7119,           0.9871190,       -1065.2760000,
  7120,           0.9871200,       -1065.2450000,
  7121,           0.9871210,       -1065.2100000,
  7122,           0.9871220,       -1065.1770000,
  7123,           0.9871230,       -1065.1420000,
  7124,           0.9871240,       -1065.1080000,
  7125,           0.9871250,       -1065.0760000,
  7126,           0.9871260,       -1065.0412000,
  7127,           0.9871270,       -1065.0080000,
  7128,           0.9871280,       -1064.9740000,
  7129,           0.9871290,       -1064.9420000,
  7130,           0.9871300,       -1064.9080000,
  7131,           0.9871310,       -1064.8741000,
  7132,           0.9871320,       -1064.8391000,
  7133,           0.9871330,       -1064.8050000,
  7134,           0.9871340,       -1064.7740000,
  7135,           0.9871350,       -1064.7390000,
  7136,           0.9871360,       -1064.7053000,
  7137,           0.9871370,       -1064.6710000,
  7138,           0.9871380,       -1064.6390000,
  7139,           0.9871390,       -1064.6042000,
  7140,           0.9871400,       -1064.5701000,
  7141,           0.9871410,       -1064.5371000,
  7142,           0.9871420,       -1064.5020000,
  7143,           0.9871430,       -1064.4704000,
  7144,           0.9871440,       -1064.4360000,
  7145,           0.9871450,       -1064.4020000,
  7146,           0.9871460,       -1064.3674000,
  7147,           0.9871470,       -1064.3350000,
  7148,           0.9871480,       -1064.3013000,
  7149,           0.9871490,       -1064.2670000,
  7150,           0.9871500,       -1064.2333000,
  7151,           0.9871510,       -1064.1981000,
  7152,           0.9871520,       -1064.1672000,
  7153,           0.9871530,       -1064.1330000,
  7154,           0.9871540,       -1064.0990000,
  7155,           0.9871550,       -1064.0650000,
  7156,           0.9871560,       -1064.0321000,
  7157,           0.9871570,       -1063.9990000,
  7158,           0.9871580,       -1063.9640000,
  7159,           0.9871590,       -1063.9310000,
  7160,           0.9871600,       -1063.8963000,
  7161,           0.9871610,       -1063.8640000,
  7162,           0.9871620,       -1063.8300000,
  7163,           0.9871630,       -1063.7960000,
  7164,           0.9871640,       -1063.7614000,
  7165,           0.9871650,       -1063.7300000,
  7166,           0.9871660,       -1063.6964000,
  7167,           0.9871670,       -1063.6620000,
  7168,           0.9871680,       -1063.6270000,
  7169,           0.9871690,       -1063.5940000,
  7170,           0.9871700,       -1063.5610000,
  7171,           0.9871710,       -1063.5280000,
  7172,           0.9871720,       -1063.4923000,
  7173,           0.9871730,       -1063.4594000,
  7174,           0.9871740,       -1063.4263000,
  7175,           0.9871750,       -1063.3920000,
  7176,           0.9871760,       -1063.3590000,
  7177,           0.9871770,       -1063.3240000,
  7178,           0.9871780,       -1063.2900000,
  7179,           0.9871790,       -1063.2580000,
  7180,           0.9871800,       -1063.2242000,
  7181,           0.9871810,       -1063.1900000,
  7182,           0.9871820,       -1063.1551000,
  7183,           0.9871830,       -1063.1240000,
  7184,           0.9871840,       -1063.0892000,
  7185,           0.9871850,       -1063.0560000,
  7186,           0.9871860,       -1063.0212000,
  7187,           0.9871870,       -1062.9880000,
  7188,           0.9871880,       -1062.9560000,
  7189,           0.9871890,       -1062.9220000,
  7190,           0.9871900,       -1062.8870000,
  7191,           0.9871910,       -1062.8530000,
  7192,           0.9871920,       -1062.8220000,
  7193,           0.9871930,       -1062.7870000,
  7194,           0.9871940,       -1062.7534000,
  7195,           0.9871950,       -1062.7192000,
  7196,           0.9871960,       -1062.6850000,
  7197,           0.9871970,       -1062.6530000,
  7198,           0.9871980,       -1062.6180000,
  7199,           0.9871990,       -1062.5843000,
  7200,           0.9872000,       -1062.5500000,
  7201,           0.9872010,       -1062.5184000,
  7202,           0.9872020,       -1062.4843000,
  7203,           0.9872030,       -1062.4501000,
  7204,           0.9872040,       -1062.4160000,
  7205,           0.9872050,       -1062.3820000,
  7206,           0.9872060,       -1062.3500000,
  7207,           0.9872070,       -1062.3150000,
  7208,           0.9872080,       -1062.2821000,
  7209,           0.9872090,       -1062.2471000,
  7210,           0.9872100,       -1062.2160000,
  7211,           0.9872110,       -1062.1812000,
  7212,           0.9872120,       -1062.1470000,
  7213,           0.9872130,       -1062.1131000,
  7214,           0.9872140,       -1062.0790000,
  7215,           0.9872150,       -1062.0480000,
  7216,           0.9872160,       -1062.0130000,
  7217,           0.9872170,       -1061.9800000,
  7218,           0.9872180,       -1061.9451000,
  7219,           0.9872190,       -1061.9122000,
  7220,           0.9872200,       -1061.8793000,
  7221,           0.9872210,       -1061.8450000,
  7222,           0.9872220,       -1061.8110000,
  7223,           0.9872230,       -1061.7762000,
  7224,           0.9872240,       -1061.7454000,
  7225,           0.9872250,       -1061.7103000,
  7226,           0.9872260,       -1061.6760000,
  7227,           0.9872270,       -1061.6423000,
  7228,           0.9872280,       -1061.6093000,
  7229,           0.9872290,       -1061.5761000,
  7230,           0.9872300,       -1061.5420000,
  7231,           0.9872310,       -1061.5083000,
  7232,           0.9872320,       -1061.4740000,
  7233,           0.9872330,       -1061.4420000,
  7234,           0.9872340,       -1061.4074000,
  7235,           0.9872350,       -1061.3730000,
  7236,           0.9872360,       -1061.3394000,
  7237,           0.9872370,       -1061.3070000,
  7238,           0.9872380,       -1061.2740000,
  7239,           0.9872390,       -1061.2400000,
  7240,           0.9872400,       -1061.2050000,
  7241,           0.9872410,       -1061.1712000,
  7242,           0.9872420,       -1061.1390000,
  7243,           0.9872430,       -1061.1050000,
  7244,           0.9872440,       -1061.0710000,
  7245,           0.9872450,       -1061.0380000,
  7246,           0.9872460,       -1061.0053000,
  7247,           0.9872470,       -1060.9700000,
  7248,           0.9872480,       -1060.9373000,
  7249,           0.9872490,       -1060.9030000,
  7250,           0.9872500,       -1060.8712000,
  7251,           0.9872510,       -1060.8370000,
  7252,           0.9872520,       -1060.8040000,
  7253,           0.9872530,       -1060.7690000,
  7254,           0.9872540,       -1060.7340000,
  7255,           0.9872550,       -1060.7030000,
  7256,           0.9872560,       -1060.6680000,
  7257,           0.9872570,       -1060.6343000,
  7258,           0.9872580,       -1060.6010000,
  7259,           0.9872590,       -1060.5670000,
  7260,           0.9872600,       -1060.5340000,
  7261,           0.9872610,       -1060.4992000,
  7262,           0.9872620,       -1060.4654000,
  7263,           0.9872630,       -1060.4310000,
  7264,           0.9872640,       -1060.4010000,
  7265,           0.9872650,       -1060.3652000,
  7266,           0.9872660,       -1060.3310000,
  7267,           0.9872670,       -1060.2980000,
  7268,           0.9872680,       -1060.2644000,
  7269,           0.9872690,       -1060.2320000,
  7270,           0.9872700,       -1060.1980000,
  7271,           0.9872710,       -1060.1640000,
  7272,           0.9872720,       -1060.1290000,
  7273,           0.9872730,       -1060.0970000,
  7274,           0.9872740,       -1060.0631000,
  7275,           0.9872750,       -1060.0290000,
  7276,           0.9872760,       -1059.9960000,
  7277,           0.9872770,       -1059.9633000,
  7278,           0.9872780,       -1059.9294000,
  7279,           0.9872790,       -1059.8952000,
  7280,           0.9872800,       -1059.8610000,
  7281,           0.9872810,       -1059.8270000,
  7282,           0.9872820,       -1059.7950000,
  7283,           0.9872830,       -1059.7620000,
  7284,           0.9872840,       -1059.7261000,
  7285,           0.9872850,       -1059.6933000,
  7286,           0.9872860,       -1059.6610000,
  7287,           0.9872870,       -1059.6260000,
  7288,           0.9872880,       -1059.5930000,
  7289,           0.9872890,       -1059.5590000,
  7290,           0.9872900,       -1059.5250000,
  7291,           0.9872910,       -1059.4920000,
  7292,           0.9872920,       -1059.4590000,
  7293,           0.9872930,       -1059.4240000,
  7294,           0.9872940,       -1059.3900000,
  7295,           0.9872950,       -1059.3590000,
  7296,           0.9872960,       -1059.3234000,
  7297,           0.9872970,       -1059.2904000,
  7298,           0.9872980,       -1059.2560000,
  7299,           0.9872990,       -1059.2224000,
  7300,           0.9873000,       -1059.1900000,
  7301,           0.9873010,       -1059.1560000,
  7302,           0.9873020,       -1059.1220000,
  7303,           0.9873030,       -1059.0880000,
  7304,           0.9873040,       -1059.0570000,
  7305,           0.9873050,       -1059.0214000,
  7306,           0.9873060,       -1058.9890000,
  7307,           0.9873070,       -1058.9541000,
  7308,           0.9873080,       -1058.9193000,
  7309,           0.9873090,       -1058.8880000,
  7310,           0.9873100,       -1058.8540000,
  7311,           0.9873110,       -1058.8200000,
  7312,           0.9873120,       -1058.7860000,
  7313,           0.9873130,       -1058.7550000,
  7314,           0.9873140,       -1058.7193000,
  7315,           0.9873150,       -1058.6850000,
  7316,           0.9873160,       -1058.6520000,
  7317,           0.9873170,       -1058.6180000,
  7318,           0.9873180,       -1058.5860000,
  7319,           0.9873190,       -1058.5511000,
  7320,           0.9873200,       -1058.5180000,
  7321,           0.9873210,       -1058.4833000,
  7322,           0.9873220,       -1058.4511000,
  7323,           0.9873230,       -1058.4173000,
  7324,           0.9873240,       -1058.3830000,
  7325,           0.9873250,       -1058.3500000,
  7326,           0.9873260,       -1058.3160000,
  7327,           0.9873270,       -1058.2830000,
  7328,           0.9873280,       -1058.2491000,
  7329,           0.9873290,       -1058.2150000,
  7330,           0.9873300,       -1058.1810000,
  7331,           0.9873310,       -1058.1490000,
  7332,           0.9873320,       -1058.1160000,
  7333,           0.9873330,       -1058.0810000,
  7334,           0.9873340,       -1058.0470000,
  7335,           0.9873350,       -1058.0140000,
  7336,           0.9873360,       -1057.9810000,
  7337,           0.9873370,       -1057.9471000,
  7338,           0.9873380,       -1057.9130000,
  7339,           0.9873390,       -1057.8790000,
  7340,           0.9873400,       -1057.8472000,
  7341,           0.9873410,       -1057.8122000,
  7342,           0.9873420,       -1057.7790000,
  7343,           0.9873430,       -1057.7443000,
  7344,           0.9873440,       -1057.7111000,
  7345,           0.9873450,       -1057.6790000,
  7346,           0.9873460,       -1057.6460000,
  7347,           0.9873470,       -1057.6112000,
  7348,           0.9873480,       -1057.5760000,
  7349,           0.9873490,       -1057.5452000,
  7350,           0.9873500,       -1057.5110000,
  7351,           0.9873510,       -1057.4772000,
  7352,           0.9873520,       -1057.4423000,
  7353,           0.9873530,       -1057.4094000,
  7354,           0.9873540,       -1057.3770000,
  7355,           0.9873550,       -1057.3430000,
  7356,           0.9873560,       -1057.3090000,
  7357,           0.9873570,       -1057.2744000,
  7358,           0.9873580,       -1057.2434000,
  7359,           0.9873590,       -1057.2090000,
  7360,           0.9873600,       -1057.1760000,
  7361,           0.9873610,       -1057.1411000,
  7362,           0.9873620,       -1057.1070000,
  7363,           0.9873630,       -1057.0751000,
  7364,           0.9873640,       -1057.0404000,
  7365,           0.9873650,       -1057.0070000,
  7366,           0.9873660,       -1056.9730000,
  7367,           0.9873670,       -1056.9403000,
  7368,           0.9873680,       -1056.9070000,
  7369,           0.9873690,       -1056.8723000,
  7370,           0.9873700,       -1056.8392000,
  7371,           0.9873710,       -1056.8040000,
  7372,           0.9873720,       -1056.7730000,
  7373,           0.9873730,       -1056.7390000,
  7374,           0.9873740,       -1056.7042000,
  7375,           0.9873750,       -1056.6710000,
  7376,           0.9873760,       -1056.6384000,
  7377,           0.9873770,       -1056.6050000,
  7378,           0.9873780,       -1056.5704000,
  7379,           0.9873790,       -1056.5374000,
  7380,           0.9873800,       -1056.5021000,
  7381,           0.9873810,       -1056.4700000,
  7382,           0.9873820,       -1056.4373000,
  7383,           0.9873830,       -1056.4020000,
  7384,           0.9873840,       -1056.3691000,
  7385,           0.9873850,       -1056.3370000,
  7386,           0.9873860,       -1056.3031000,
  7387,           0.9873870,       -1056.2692000,
  7388,           0.9873880,       -1056.2350000,
  7389,           0.9873890,       -1056.2011000,
  7390,           0.9873900,       -1056.1682000,
  7391,           0.9873910,       -1056.1353000,
  7392,           0.9873920,       -1056.1010000,
  7393,           0.9873930,       -1056.0662000,
  7394,           0.9873940,       -1056.0351000,
  7395,           0.9873950,       -1056.0001000,
  7396,           0.9873960,       -1055.9671000,
  7397,           0.9873970,       -1055.9330000,
  7398,           0.9873980,       -1055.8990000,
  7399,           0.9873990,       -1055.8670000,
  7400,           0.9874000,       -1055.8330000,
  7401,           0.9874010,       -1055.7990000,
  7402,           0.9874020,       -1055.7650000,
  7403,           0.9874030,       -1055.7340000,
  7404,           0.9874040,       -1055.6990000,
  7405,           0.9874050,       -1055.6660000,
  7406,           0.9874060,       -1055.6313000,
  7407,           0.9874070,       -1055.5964000,
  7408,           0.9874080,       -1055.5660000,
  7409,           0.9874090,       -1055.5311000,
  7410,           0.9874100,       -1055.4973000,
  7411,           0.9874110,       -1055.4630000,
  7412,           0.9874120,       -1055.4320000,
  7413,           0.9874130,       -1055.3972000,
  7414,           0.9874140,       -1055.3630000,
  7415,           0.9874150,       -1055.3300000,
  7416,           0.9874160,       -1055.2950000,
  7417,           0.9874170,       -1055.2641000,
  7418,           0.9874180,       -1055.2283000,
  7419,           0.9874190,       -1055.1944000,
  7420,           0.9874200,       -1055.1612000,
  7421,           0.9874210,       -1055.1290000,
  7422,           0.9874220,       -1055.0954000,
  7423,           0.9874230,       -1055.0614000,
  7424,           0.9874240,       -1055.0280000,
  7425,           0.9874250,       -1054.9930000,
  7426,           0.9874260,       -1054.9610000,
  7427,           0.9874270,       -1054.9274000,
  7428,           0.9874280,       -1054.8924000,
  7429,           0.9874290,       -1054.8600000,
  7430,           0.9874300,       -1054.8271000,
  7431,           0.9874310,       -1054.7940000,
  7432,           0.9874320,       -1054.7600000,
  7433,           0.9874330,       -1054.7250000,
  7434,           0.9874340,       -1054.6920000,
  7435,           0.9874350,       -1054.6600000,
  7436,           0.9874360,       -1054.6260000,
  7437,           0.9874370,       -1054.5920000,
  7438,           0.9874380,       -1054.5583000,
  7439,           0.9874390,       -1054.5260000,
  7440,           0.9874400,       -1054.4920000,
  7441,           0.9874410,       -1054.4590000,
  7442,           0.9874420,       -1054.4234000,
  7443,           0.9874430,       -1054.3930000,
  7444,           0.9874440,       -1054.3580000,
  7445,           0.9874450,       -1054.3233000,
  7446,           0.9874460,       -1054.2900000,
  7447,           0.9874470,       -1054.2560000,
  7448,           0.9874480,       -1054.2242000,
  7449,           0.9874490,       -1054.1900000,
  7450,           0.9874500,       -1054.1564000,
  7451,           0.9874510,       -1054.1220000,
  7452,           0.9874520,       -1054.0893000,
  7453,           0.9874530,       -1054.0560000,
  7454,           0.9874540,       -1054.0220000,
  7455,           0.9874550,       -1053.9890000,
  7456,           0.9874560,       -1053.9541000,
  7457,           0.9874570,       -1053.9220000,
  7458,           0.9874580,       -1053.8884000,
  7459,           0.9874590,       -1053.8540000,
  7460,           0.9874600,       -1053.8210000,
  7461,           0.9874610,       -1053.7890000,
  7462,           0.9874620,       -1053.7550000,
  7463,           0.9874630,       -1053.7210000,
  7464,           0.9874640,       -1053.6870000,
  7465,           0.9874650,       -1053.6530000,
  7466,           0.9874660,       -1053.6210000,
  7467,           0.9874670,       -1053.5870000,
  7468,           0.9874680,       -1053.5530000,
  7469,           0.9874690,       -1053.5200000,
  7470,           0.9874700,       -1053.4870000,
  7471,           0.9874710,       -1053.4530000,
  7472,           0.9874720,       -1053.4193000,
  7473,           0.9874730,       -1053.3850000,
  7474,           0.9874740,       -1053.3514000,
  7475,           0.9874750,       -1053.3194000,
  7476,           0.9874760,       -1053.2841000,
  7477,           0.9874770,       -1053.2510000,
  7478,           0.9874780,       -1053.2172000,
  7479,           0.9874790,       -1053.1860000,
  7480,           0.9874800,       -1053.1512000,
  7481,           0.9874810,       -1053.1184000,
  7482,           0.9874820,       -1053.0831000,
  7483,           0.9874830,       -1053.0490000,
  7484,           0.9874840,       -1053.0180000,
  7485,           0.9874850,       -1052.9840000,
  7486,           0.9874860,       -1052.9501000,
  7487,           0.9874870,       -1052.9160000,
  7488,           0.9874880,       -1052.8850000,
  7489,           0.9874890,       -1052.8500000,
  7490,           0.9874900,       -1052.8160000,
  7491,           0.9874910,       -1052.7822000,
  7492,           0.9874920,       -1052.7481000,
  7493,           0.9874930,       -1052.7170000,
  7494,           0.9874940,       -1052.6823000,
  7495,           0.9874950,       -1052.6490000,
  7496,           0.9874960,       -1052.6150000,
  7497,           0.9874970,       -1052.5821000,
  7498,           0.9874980,       -1052.5490000,
  7499,           0.9874990,       -1052.5144000,
  7500,           0.9875000,       -1052.4812000,
  7501,           0.9875010,       -1052.4470000,
  7502,           0.9875020,       -1052.4143000,
  7503,           0.9875030,       -1052.3811000,
  7504,           0.9875040,       -1052.3470000,
  7505,           0.9875050,       -1052.3134000,
  7506,           0.9875060,       -1052.2811000,
  7507,           0.9875070,       -1052.2462000,
  7508,           0.9875080,       -1052.2131000,
  7509,           0.9875090,       -1052.1790000,
  7510,           0.9875100,       -1052.1452000,
  7511,           0.9875110,       -1052.1130000,
  7512,           0.9875120,       -1052.0803000,
  7513,           0.9875130,       -1052.0454000,
  7514,           0.9875140,       -1052.0111000,
  7515,           0.9875150,       -1051.9804000,
  7516,           0.9875160,       -1051.9453000,
  7517,           0.9875170,       -1051.9124000,
  7518,           0.9875180,       -1051.8780000,
  7519,           0.9875190,       -1051.8450000,
  7520,           0.9875200,       -1051.8130000,
  7521,           0.9875210,       -1051.7770000,
  7522,           0.9875220,       -1051.7450000,
  7523,           0.9875230,       -1051.7103000,
  7524,           0.9875240,       -1051.6790000,
  7525,           0.9875250,       -1051.6450000,
  7526,           0.9875260,       -1051.6101000,
  7527,           0.9875270,       -1051.5762000,
  7528,           0.9875280,       -1051.5422000,
  7529,           0.9875290,       -1051.5120000,
  7530,           0.9875300,       -1051.4770000,
  7531,           0.9875310,       -1051.4434000,
  7532,           0.9875320,       -1051.4094000,
  7533,           0.9875330,       -1051.3764000,
  7534,           0.9875340,       -1051.3440000,
  7535,           0.9875350,       -1051.3090000,
  7536,           0.9875360,       -1051.2750000,
  7537,           0.9875370,       -1051.2412000,
  7538,           0.9875380,       -1051.2084000,
  7539,           0.9875390,       -1051.1760000,
  7540,           0.9875400,       -1051.1420000,
  7541,           0.9875410,       -1051.1080000,
  7542,           0.9875420,       -1051.0760000,
  7543,           0.9875430,       -1051.0430000,
  7544,           0.9875440,       -1051.0081000,
  7545,           0.9875450,       -1050.9740000,
  7546,           0.9875460,       -1050.9410000,
  7547,           0.9875470,       -1050.9080000,
  7548,           0.9875480,       -1050.8750000,
  7549,           0.9875490,       -1050.8400000,
  7550,           0.9875500,       -1050.8060000,
  7551,           0.9875510,       -1050.7752000,
  7552,           0.9875520,       -1050.7401000,
  7553,           0.9875530,       -1050.7072000,
  7554,           0.9875540,       -1050.6730000,
  7555,           0.9875550,       -1050.6392000,
  7556,           0.9875560,       -1050.6074000,
  7557,           0.9875570,       -1050.5731000,
  7558,           0.9875580,       -1050.5394000,
  7559,           0.9875590,       -1050.5052000,
  7560,           0.9875600,       -1050.4740000,
  7561,           0.9875610,       -1050.4394000,
  7562,           0.9875620,       -1050.4064000,
  7563,           0.9875630,       -1050.3714000,
  7564,           0.9875640,       -1050.3371000,
  7565,           0.9875650,       -1050.3070000,
  7566,           0.9875660,       -1050.2720000,
  7567,           0.9875670,       -1050.2384000,
  7568,           0.9875680,       -1050.2050000,
  7569,           0.9875690,       -1050.1720000,
  7570,           0.9875700,       -1050.1390000,
  7571,           0.9875710,       -1050.1040000,
  7572,           0.9875720,       -1050.0710000,
  7573,           0.9875730,       -1050.0370000,
  7574,           0.9875740,       -1050.0040000,
  7575,           0.9875750,       -1049.9720000,
  7576,           0.9875760,       -1049.9371000,
  7577,           0.9875770,       -1049.9034000,
  7578,           0.9875780,       -1049.8710000,
  7579,           0.9875790,       -1049.8382000,
  7580,           0.9875800,       -1049.8040000,
  7581,           0.9875810,       -1049.7691000,
  7582,           0.9875820,       -1049.7360000,
  7583,           0.9875830,       -1049.7030000,
  7584,           0.9875840,       -1049.6704000,
  7585,           0.9875850,       -1049.6360000,
  7586,           0.9875860,       -1049.6030000,
  7587,           0.9875870,       -1049.5710000,
  7588,           0.9875880,       -1049.5360000,
  7589,           0.9875890,       -1049.5030000,
  7590,           0.9875900,       -1049.4683000,
  7591,           0.9875910,       -1049.4353000,
  7592,           0.9875920,       -1049.4030000,
  7593,           0.9875930,       -1049.3680000,
  7594,           0.9875940,       -1049.3350000,
  7595,           0.9875950,       -1049.3010000,
  7596,           0.9875960,       -1049.2700000,
  7597,           0.9875970,       -1049.2351000,
  7598,           0.9875980,       -1049.2021000,
  7599,           0.9875990,       -1049.1672000,
  7600,           0.9876000,       -1049.1333000,
  7601,           0.9876010,       -1049.1020000,
  7602,           0.9876020,       -1049.0680000,
  7603,           0.9876030,       -1049.0350000,
  7604,           0.9876040,       -1049.0000000,
  7605,           0.9876050,       -1048.9680000,
  7606,           0.9876060,       -1048.9353000,
  7607,           0.9876070,       -1048.9000000,
  7608,           0.9876080,       -1048.8662000,
  7609,           0.9876090,       -1048.8330000,
  7610,           0.9876100,       -1048.8000000,
  7611,           0.9876110,       -1048.7670000,
  7612,           0.9876120,       -1048.7333000,
  7613,           0.9876130,       -1048.6994000,
  7614,           0.9876140,       -1048.6672000,
  7615,           0.9876150,       -1048.6340000,
  7616,           0.9876160,       -1048.6000000,
  7617,           0.9876170,       -1048.5651000,
  7618,           0.9876180,       -1048.5313000,
  7619,           0.9876190,       -1048.5000000,
  7620,           0.9876200,       -1048.4670000,
  7621,           0.9876210,       -1048.4320000,
  7622,           0.9876220,       -1048.3980000,
  7623,           0.9876230,       -1048.3664000,
  7624,           0.9876240,       -1048.3322000,
  7625,           0.9876250,       -1048.2990000,
  7626,           0.9876260,       -1048.2650000,
  7627,           0.9876270,       -1048.2320000,
  7628,           0.9876280,       -1048.2000000,
  7629,           0.9876290,       -1048.1644000,
  7630,           0.9876300,       -1048.1320000,
  7631,           0.9876310,       -1048.0972000,
  7632,           0.9876320,       -1048.0660000,
  7633,           0.9876330,       -1048.0320000,
  7634,           0.9876340,       -1047.9970000,
  7635,           0.9876350,       -1047.9640000,
  7636,           0.9876360,       -1040.8240000,
  7637,           0.9876370,       -1040.7930000,
  7638,           0.9876380,       -1040.7590000,
  7639,           0.9876390,       -1040.7244000,
  7640,           0.9876400,       -1040.6910000,
  7641,           0.9876410,       -1040.6584000,
  7642,           0.9876420,       -1040.6250000,
  7643,           0.9876430,       -1040.5910000,
  7644,           0.9876440,       -1040.5580000,
  7645,           0.9876450,       -1040.5250000,
  7646,           0.9876460,       -1040.4910000,
  7647,           0.9876470,       -1040.4580000,
  7648,           0.9876480,       -1040.4230000,
  7649,           0.9876490,       -1040.3900000,
  7650,           0.9876500,       -1040.3570000,
  7651,           0.9876510,       -1040.3240000,
  7652,           0.9876520,       -1040.2890000,
  7653,           0.9876530,       -1040.2542000,
  7654,           0.9876540,       -1040.2233000,
  7655,           0.9876550,       -1040.1890000,
  7656,           0.9876560,       -1040.1560000,
  7657,           0.9876570,       -1040.1213000,
  7658,           0.9876580,       -1040.0870000,
  7659,           0.9876590,       -1040.0552000,
  7660,           0.9876600,       -1040.0220000,
  7661,           0.9876610,       -1039.9874000,
  7662,           0.9876620,       -1039.9533000,
  7663,           0.9876630,       -1039.9210000,
  7664,           0.9876640,       -1039.8880000,
  7665,           0.9876650,       -1039.8540000,
  7666,           0.9876660,       -1039.8200000,
  7667,           0.9876670,       -1039.7860000,
  7668,           0.9876680,       -1039.7550000,
  7669,           0.9876690,       -1039.7200000,
  7670,           0.9876700,       -1039.6860000,
  7671,           0.9876710,       -1039.6530000,
  7672,           0.9876720,       -1039.6201000,
  7673,           0.9876730,       -1039.5870000,
  7674,           0.9876740,       -1039.5520000,
  7675,           0.9876750,       -1039.5180000,
  7676,           0.9876760,       -1039.4852000,
  7677,           0.9876770,       -1039.4510000,
  7678,           0.9876780,       -1039.4180000,
  7679,           0.9876790,       -1039.3843000,
  7680,           0.9876800,       -1039.3510000,
  7681,           0.9876810,       -1039.3190000,
  7682,           0.9876820,       -1039.2840000,
  7683,           0.9876830,       -1039.2513000,
  7684,           0.9876840,       -1039.2170000,
  7685,           0.9876850,       -1039.1832000,
  7686,           0.9876860,       -1039.1510000,
  7687,           0.9876870,       -1039.1170000,
  7688,           0.9876880,       -1039.0830000,
  7689,           0.9876890,       -1039.0490000,
  7690,           0.9876900,       -1039.0173000,
  7691,           0.9876910,       -1038.9831000,
  7692,           0.9876920,       -1038.9490000,
  7693,           0.9876930,       -1038.9152000,
  7694,           0.9876940,       -1038.8811000,
  7695,           0.9876950,       -1038.8500000,
  7696,           0.9876960,       -1038.8160000,
  7697,           0.9876970,       -1038.7830000,
  7698,           0.9876980,       -1038.7480000,
  7699,           0.9876990,       -1038.7160000,
  7700,           0.9877000,       -1038.6830000,
  7701,           0.9877010,       -1038.6470000,
  7702,           0.9877020,       -1038.6150000,
  7703,           0.9877030,       -1038.5792000,
  7704,           0.9877040,       -1038.5471000,
  7705,           0.9877050,       -1038.5141000,
  7706,           0.9877060,       -1038.4800000,
  7707,           0.9877070,       -1038.4470000,
  7708,           0.9877080,       -1038.4150000,
  7709,           0.9877090,       -1038.3800000,
  7710,           0.9877100,       -1038.3470000,
  7711,           0.9877110,       -1038.3120000,
  7712,           0.9877120,       -1038.2794000,
  7713,           0.9877130,       -1038.2470000,
  7714,           0.9877140,       -1038.2131000,
  7715,           0.9877150,       -1038.1791000,
  7716,           0.9877160,       -1038.1450000,
  7717,           0.9877170,       -1038.1140000,
  7718,           0.9877180,       -1038.0792000,
  7719,           0.9877190,       -1038.0460000,
  7720,           0.9877200,       -1038.0114000,
  7721,           0.9877210,       -1037.9774000,
  7722,           0.9877220,       -1037.9460000,
  7723,           0.9877230,       -1037.9120000,
  7724,           0.9877240,       -1037.8782000,
  7725,           0.9877250,       -1037.8430000,
  7726,           0.9877260,       -1037.8110000,
  7727,           0.9877270,       -1037.7780000,
  7728,           0.9877280,       -1037.7434000,
  7729,           0.9877290,       -1037.7110000,
  7730,           0.9877300,       -1037.6760000,
  7731,           0.9877310,       -1037.6450000,
  7732,           0.9877320,       -1037.6102000,
  7733,           0.9877330,       -1037.5760000,
  7734,           0.9877340,       -1037.5432000,
  7735,           0.9877350,       -1037.5103000,
  7736,           0.9877360,       -1037.4780000,
  7737,           0.9877370,       -1037.4422000,
  7738,           0.9877380,       -1037.4090000,
  7739,           0.9877390,       -1037.3752000,
  7740,           0.9877400,       -1037.3430000,
  7741,           0.9877410,       -1037.3100000,
  7742,           0.9877420,       -1037.2760000,
  7743,           0.9877430,       -1037.2410000,
  7744,           0.9877440,       -1037.2100000,
  7745,           0.9877450,       -1037.1752000,
  7746,           0.9877460,       -1037.1424000,
  7747,           0.9877470,       -1037.1081000,
  7748,           0.9877480,       -1037.0750000,
  7749,           0.9877490,       -1037.0424000,
  7750,           0.9877500,       -1037.0072000,
  7751,           0.9877510,       -1036.9740000,
  7752,           0.9877520,       -1036.9401000,
  7753,           0.9877530,       -1036.9083000,
  7754,           0.9877540,       -1036.8742000,
  7755,           0.9877550,       -1036.8402000,
  7756,           0.9877560,       -1036.8063000,
  7757,           0.9877570,       -1036.7724000,
  7758,           0.9877580,       -1036.7410000,
  7759,           0.9877590,       -1036.7070000,
  7760,           0.9877600,       -1036.6730000,
  7761,           0.9877610,       -1036.6390000,
  7762,           0.9877620,       -1036.6070000,
  7763,           0.9877630,       -1036.5740000,
  7764,           0.9877640,       -1036.5400000,
  7765,           0.9877650,       -1029.3912000,
  7766,           0.9877660,       -1029.3570000,
  7767,           0.9877670,       -1029.3250000,
  7768,           0.9877680,       -1029.2910000,
  7769,           0.9877690,       -1029.2570000,
  7770,           0.9877700,       -1029.2240000,
  7771,           0.9877710,       -1029.1910000,
  7772,           0.9877720,       -1029.1570000,
  7773,           0.9877730,       -1029.1240000,
  7774,           0.9877740,       -1029.0883000,
  7775,           0.9877750,       -1029.0554000,
  7776,           0.9877760,       -1029.0220000,
  7777,           0.9877770,       -1028.9890000,
  7778,           0.9877780,       -1028.9560000,
  7779,           0.9877790,       -1028.9210000,
  7780,           0.9877800,       -1028.8890000,
  7781,           0.9877810,       -1028.8540000,
  7782,           0.9877820,       -1028.8212000,
  7783,           0.9877830,       -1028.7871000,
  7784,           0.9877840,       -1028.7520000,
  7785,           0.9877850,       -1028.7213000,
  7786,           0.9877860,       -1028.6864000,
  7787,           0.9877870,       -1028.6540000,
  7788,           0.9877880,       -1028.6200000,
  7789,           0.9877890,       -1028.5864000,
  7790,           0.9877900,       -1028.5533000,
  7791,           0.9877910,       -1028.5200000,
  7792,           0.9877920,       -1028.4860000,
  7793,           0.9877930,       -1028.4520000,
  7794,           0.9877940,       -1028.4190000,
  7795,           0.9877950,       -1028.3860000,
  7796,           0.9877960,       -1028.3520000,
  7797,           0.9877970,       -1028.3183000,
  7798,           0.9877980,       -1028.2854000,
  7799,           0.9877990,       -1028.2502000,
  7800,           0.9878000,       -1028.2180000,
  7801,           0.9878010,       -1028.1834000,
  7802,           0.9878020,       -1028.1500000,
  7803,           0.9878030,       -1028.1180000,
  7804,           0.9878040,       -1028.0833000,
  7805,           0.9878050,       -1028.0491000,
  7806,           0.9878060,       -1028.0160000,
  7807,           0.9878070,       -1027.9840000,
  7808,           0.9878080,       -1027.9490000,
  7809,           0.9878090,       -1027.9160000,
  7810,           0.9878100,       -1027.8813000,
  7811,           0.9878110,       -1027.8480000,
  7812,           0.9878120,       -1027.8160000,
  7813,           0.9878130,       -1027.7820000,
  7814,           0.9878140,       -1027.7482000,
  7815,           0.9878150,       -1027.7140000,
  7816,           0.9878160,       -1027.6820000,
  7817,           0.9878170,       -1027.6484000,
  7818,           0.9878180,       -1027.6150000,
  7819,           0.9878190,       -1027.5812000,
  7820,           0.9878200,       -1027.5461000,
  7821,           0.9878210,       -1027.5142000,
  7822,           0.9878220,       -1027.4810000,
  7823,           0.9878230,       -1027.4460000,
  7824,           0.9878240,       -1027.4130000,
  7825,           0.9878250,       -1027.3803000,
  7826,           0.9878260,       -1027.3480000,
  7827,           0.9878270,       -1027.3130000,
  7828,           0.9878280,       -1027.2780000,
  7829,           0.9878290,       -1027.2450000,
  7830,           0.9878300,       -1027.2120000,
  7831,           0.9878310,       -1027.1794000,
  7832,           0.9878320,       -1027.1450000,
  7833,           0.9878330,       -1027.1100000,
  7834,           0.9878340,       -1027.0791000,
  7835,           0.9878350,       -1027.0441000,
  7836,           0.9878360,       -1027.0120000,
  7837,           0.9878370,       -1026.9770000,
  7838,           0.9878380,       -1026.9443000,
  7839,           0.9878390,       -1026.9120000,
  7840,           0.9878400,       -1026.8770000,
  7841,           0.9878410,       -1026.8440000,
  7842,           0.9878420,       -1026.8090000,
  7843,           0.9878430,       -1026.7770000,
  7844,           0.9878440,       -1026.7450000,
  7845,           0.9878450,       -1026.7092000,
  7846,           0.9878460,       -1026.6763000,
  7847,           0.9878470,       -1026.6440000,
  7848,           0.9878480,       -1026.6090000,
  7849,           0.9878490,       -1026.5760000,
  7850,           0.9878500,       -1026.5412000,
  7851,           0.9878510,       -1026.5080000,
  7852,           0.9878520,       -1026.4760000,
  7853,           0.9878530,       -1026.4420000,
  7854,           0.9878540,       -1026.4080000,
  7855,           0.9878550,       -1026.3730000,
  7856,           0.9878560,       -1026.3421000,
  7857,           0.9878570,       -1026.3071000,
  7858,           0.9878580,       -1026.2750000,
  7859,           0.9878590,       -1026.2403000,
  7860,           0.9878600,       -1026.2060000,
  7861,           0.9878610,       -1026.1750000,
  7862,           0.9878620,       -1026.1401000,
  7863,           0.9878630,       -1026.1070000,
  7864,           0.9878640,       -1026.0730000,
  7865,           0.9878650,       -1026.0400000,
  7866,           0.9878660,       -1026.0074000,
  7867,           0.9878670,       -1025.9730000,
  7868,           0.9878680,       -1025.9400000,
  7869,           0.9878690,       -1025.9052000,
  7870,           0.9878700,       -1025.8730000,
  7871,           0.9878710,       -1025.8390000,
  7872,           0.9878720,       -1025.8050000,
  7873,           0.9878730,       -1025.7722000,
  7874,           0.9878740,       -1025.7401000,
  7875,           0.9878750,       -1025.7050000,
  7876,           0.9878760,       -1025.6713000,
  7877,           0.9878770,       -1025.6360000,
  7878,           0.9878780,       -1025.6033000,
  7879,           0.9878790,       -1025.5720000,
  7880,           0.9878800,       -1025.5380000,
  7881,           0.9878810,       -1025.5034000,
  7882,           0.9878820,       -1025.4690000,
  7883,           0.9878830,       -1025.4384000,
  7884,           0.9878840,       -1025.4041000,
  7885,           0.9878850,       -1025.3704000,
  7886,           0.9878860,       -1025.3370000,
  7887,           0.9878870,       -1025.3011000,
  7888,           0.9878880,       -1025.2710000,
  7889,           0.9878890,       -1025.2370000,
  7890,           0.9878900,       -1025.2030000,
  7891,           0.9878910,       -1025.1693000,
  7892,           0.9878920,       -1025.1370000,
  7893,           0.9878930,       -1025.1040000,
  7894,           0.9878940,       -1025.0693000,
  7895,           0.9878950,       -1025.0350000,
  7896,           0.9878960,       -1025.0010000,
  7897,           0.9878970,       -1024.9683000,
  7898,           0.9878980,       -1024.9354000,
  7899,           0.9878990,       -1024.9013000,
  7900,           0.9879000,       -1024.8680000,
  7901,           0.9879010,       -1024.8352000,
  7902,           0.9879020,       -1024.8000000,
  7903,           0.9879030,       -1024.7674000,
  7904,           0.9879040,       -1024.7333000,
  7905,           0.9879050,       -1024.7000000,
  7906,           0.9879060,       -1024.6680000,
  7907,           0.9879070,       -1024.6330000,
  7908,           0.9879080,       -1024.6004000,
  7909,           0.9879090,       -1024.5660000,
  7910,           0.9879100,       -1024.5350000,
  7911,           0.9879110,       -1024.5003000,
  7912,           0.9879120,       -1024.4670000,
  7913,           0.9879130,       -1024.4331000,
  7914,           0.9879140,       -1024.3980000,
  7915,           0.9879150,       -1024.3670000,
  7916,           0.9879160,       -1024.3330000,
  7917,           0.9879170,       -1024.2993000,
  7918,           0.9879180,       -1024.2660000,
  7919,           0.9879190,       -1024.2331000,
  7920,           0.9879200,       -1024.1994000,
  7921,           0.9879210,       -1024.1660000,
  7922,           0.9879220,       -1024.1320000,
  7923,           0.9879230,       -1024.0980000,
  7924,           0.9879240,       -1024.0650000,
  7925,           0.9879250,       -1024.0320000,
  7926,           0.9879260,       -1023.9980000,
  7927,           0.9879270,       -1023.9640000,
  7928,           0.9879280,       -1023.9321000,
  7929,           0.9879290,       -1023.8970000,
  7930,           0.9879300,       -1023.8640000,
  7931,           0.9879310,       -1023.8301000,
  7932,           0.9879320,       -1023.7964000,
  7933,           0.9879330,       -1023.7650000,
  7934,           0.9879340,       -1023.7300000,
  7935,           0.9879350,       -1023.6971000,
  7936,           0.9879360,       -1023.6622000,
  7937,           0.9879370,       -1023.6320000,
  7938,           0.9879380,       -1023.5974000,
  7939,           0.9879390,       -1023.5630000,
  7940,           0.9879400,       -1023.5300000,
  7941,           0.9879410,       -1023.4954000,
  7942,           0.9879420,       -1023.4650000,
  7943,           0.9879430,       -1023.4304000,
  7944,           0.9879440,       -1023.3950000,
  7945,           0.9879450,       -1023.3623000,
  7946,           0.9879460,       -1023.3300000,
  7947,           0.9879470,       -1023.2970000,
  7948,           0.9879480,       -1023.2622000,
  7949,           0.9879490,       -1023.2290000,
  7950,           0.9879500,       -1023.1943000,
  7951,           0.9879510,       -1023.1620000,
  7952,           0.9879520,       -1023.1290000,
  7953,           0.9879530,       -1023.0942000,
  7954,           0.9879540,       -1023.0611000,
  7955,           0.9879550,       -1023.0294000,
  7956,           0.9879560,       -1022.9942000,
  7957,           0.9879570,       -1022.9620000,
  7958,           0.9879580,       -1022.9270000,
  7959,           0.9879590,       -1022.8943000,
  7960,           0.9879600,       -1022.8621000,
  7961,           0.9879610,       -1022.8271000,
  7962,           0.9879620,       -1022.7944000,
  7963,           0.9879630,       -1022.7600000,
  7964,           0.9879640,       -1022.7293000,
  7965,           0.9879650,       -1022.6950000,
  7966,           0.9879660,       -1022.6610000,
  7967,           0.9879670,       -1022.6280000,
  7968,           0.9879680,       -1022.5920000,
  7969,           0.9879690,       -1022.5614000,
  7970,           0.9879700,       -1022.5264000,
  7971,           0.9879710,       -1022.4923000,
  7972,           0.9879720,       -1022.4600000,
  7973,           0.9879730,       -1022.4264000,
  7974,           0.9879740,       -1022.3934000,
  7975,           0.9879750,       -1022.3590000,
  7976,           0.9879760,       -1022.3250000,
  7977,           0.9879770,       -1022.2921000,
  7978,           0.9879780,       -1022.2600000,
  7979,           0.9879790,       -1022.2270000,
  7980,           0.9879800,       -1022.1920000,
  7981,           0.9879810,       -1022.1580000,
  7982,           0.9879820,       -1022.1262000,
  7983,           0.9879830,       -1022.0930000,
  7984,           0.9879840,       -1022.0600000,
  7985,           0.9879850,       -1022.0250000,
  7986,           0.9879860,       -1021.9904000,
  7987,           0.9879870,       -1021.9594000,
  7988,           0.9879880,       -1021.9254000,
  7989,           0.9879890,       -1021.8923000,
  7990,           0.9879900,       -1021.8580000,
  7991,           0.9879910,       -1021.8260000,
  7992,           0.9879920,       -1021.7921000,
  7993,           0.9879930,       -1021.7580000,
  7994,           0.9879940,       -1021.7243000,
  7995,           0.9879950,       -1021.6901000,
  7996,           0.9879960,       -1021.6582000,
  7997,           0.9879970,       -1021.6241000,
  7998,           0.9879980,       -1021.5902000,
  7999,           0.9879990,       -1021.5564000,
  8000,           0.9880000,       -1021.5250000,
  8001,           0.9880010,       -1021.4910000,
  8002,           0.9880020,       -1021.4571000,
  8003,           0.9880030,       -1021.4232000,
  8004,           0.9880040,       -1021.3900000,
  8005,           0.9880050,       -1021.3580000,
  8006,           0.9880060,       -1021.3230000,
  8007,           0.9880070,       -1021.2902000,
  8008,           0.9880080,       -1021.2560000,
  8009,           0.9880090,       -1021.2250000,
  8010,           0.9880100,       -1021.1910000,
  8011,           0.9880110,       -1021.1571000,
  8012,           0.9880120,       -1021.1232000,
  8013,           0.9880130,       -1021.0890000,
  8014,           0.9880140,       -1021.0581000,
  8015,           0.9880150,       -1021.0240000,
  8016,           0.9880160,       -1020.9900000,
  8017,           0.9880170,       -1020.9560000,
  8018,           0.9880180,       -1020.9230000,
  8019,           0.9880190,       -1020.8910000,
  8020,           0.9880200,       -1020.8553000,
  8021,           0.9880210,       -1020.8224000,
  8022,           0.9880220,       -1020.7882000,
  8023,           0.9880230,       -1020.7560000,
  8024,           0.9880240,       -1020.7230000,
  8025,           0.9880250,       -1020.6880000,
  8026,           0.9880260,       -1020.6550000,
  8027,           0.9880270,       -1020.6240000,
  8028,           0.9880280,       -1020.5890000,
  8029,           0.9880290,       -1020.5560000,
  8030,           0.9880300,       -1020.5210000,
  8031,           0.9880310,       -1020.4884000,
  8032,           0.9880320,       -1020.4560000,
  8033,           0.9880330,       -1020.4221000,
  8034,           0.9880340,       -1020.3891000,
  8035,           0.9880350,       -1020.3550000,
  8036,           0.9880360,       -1020.3240000,
  8037,           0.9880370,       -1020.2892000,
  8038,           0.9880380,       -1020.2550000,
  8039,           0.9880390,       -1020.2220000,
  8040,           0.9880400,       -1020.1892000,
  8041,           0.9880410,       -1020.1564000,
  8042,           0.9880420,       -1020.1220000,
  8043,           0.9880430,       -1020.0880000,
  8044,           0.9880440,       -1020.0540000,
  8045,           0.9880450,       -1020.0213000,
  8046,           0.9880460,       -1019.9890000,
  8047,           0.9880470,       -1019.9542000,
  8048,           0.9880480,       -1019.9200000,
  8049,           0.9880490,       -1019.8890000,
  8050,           0.9880500,       -1019.8550000,
  8051,           0.9880510,       -1019.8211000,
  8052,           0.9880520,       -1019.7872000,
  8053,           0.9880530,       -1019.7531000,
  8054,           0.9880540,       -1019.7220000,
  8055,           0.9880550,       -1019.6880000,
  8056,           0.9880560,       -1019.6544000,
  8057,           0.9880570,       -1019.6210000,
  8058,           0.9880580,       -1019.5880000,
  8059,           0.9880590,       -1019.5560000,
  8060,           0.9880600,       -1019.5214000,
  8061,           0.9880610,       -1019.4880000,
  8062,           0.9880620,       -1019.4540000,
  8063,           0.9880630,       -1019.4210000,
  8064,           0.9880640,       -1019.3890000,
  8065,           0.9880650,       -1019.3532000,
  8066,           0.9880660,       -1019.3203000,
  8067,           0.9880670,       -1019.2890000,
  8068,           0.9880680,       -1019.2532000,
  8069,           0.9880690,       -1019.2210000,
  8070,           0.9880700,       -1019.1860000,
  8071,           0.9880710,       -1019.1540000,
  8072,           0.9880720,       -1019.1210000,
  8073,           0.9880730,       -1019.0870000,
  8074,           0.9880740,       -1019.0540000,
  8075,           0.9880750,       -1019.0190000,
  8076,           0.9880760,       -1018.9890000,
  8077,           0.9880770,       -1018.9540000,
  8078,           0.9880780,       -1018.9200000,
  8079,           0.9880790,       -1018.8870000,
  8080,           0.9880800,       -1018.8521000,
  8081,           0.9880810,       -1018.8220000,
  8082,           0.9880820,       -1018.7872000,
  8083,           0.9880830,       -1018.7531000,
  8084,           0.9880840,       -1018.7200000,
  8085,           0.9880850,       -1018.6880000,
  8086,           0.9880860,       -1018.6544000,
  8087,           0.9880870,       -1018.6210000,
  8088,           0.9880880,       -1018.5863000,
  8089,           0.9880890,       -1018.5530000,
  8090,           0.9880900,       -1018.5210000,
  8091,           0.9880910,       -1018.4871000,
  8092,           0.9880920,       -1018.4523000,
  8093,           0.9880930,       -1011.2800000,
  8094,           0.9880940,       -1011.2490000,
  8095,           0.9880950,       -1011.2143000,
  8096,           0.9880960,       -1011.1810000,
  8097,           0.9880970,       -1011.1470000,
  8098,           0.9880980,       -1011.1120000,
  8099,           0.9880990,       -1011.0814000,
  8100,           0.9881000,       -1011.0470000,
  8101,           0.9881010,       -1011.0140000,
  8102,           0.9881020,       -1010.9794000,
  8103,           0.9881030,       -1010.9473000,
  8104,           0.9881040,       -1010.9150000,
  8105,           0.9881050,       -1010.8794000,
  8106,           0.9881060,       -1010.8470000,
  8107,           0.9881070,       -1010.8123000,
  8108,           0.9881080,       -1010.7810000,
  8109,           0.9881090,       -1010.7480000,
  8110,           0.9881100,       -1010.7130000,
  8111,           0.9881110,       -1010.6810000,
  8112,           0.9881120,       -1010.6480000,
  8113,           0.9881130,       -1010.6130000,
  8114,           0.9881140,       -1010.5792000,
  8115,           0.9881150,       -1010.5443000,
  8116,           0.9881160,       -1010.5112000,
  8117,           0.9881170,       -1010.4783000,
  8118,           0.9881180,       -1010.4442000,
  8119,           0.9881190,       -1010.4110000,
  8120,           0.9881200,       -1010.3770000,
  8121,           0.9881210,       -1010.3460000,
  8122,           0.9881220,       -1010.3120000,
  8123,           0.9881230,       -1010.2780000,
  8124,           0.9881240,       -1010.2441000,
  8125,           0.9881250,       -1010.2103000,
  8126,           0.9881260,       -1010.1790000,
  8127,           0.9881270,       -1010.1450000,
  8128,           0.9881280,       -1010.1101000,
  8129,           0.9881290,       -1010.0780000,
  8130,           0.9881300,       -1010.0450000,
  8131,           0.9881310,       -1010.0123000,
  8132,           0.9881320,       -1009.9780000,
  8133,           0.9881330,       -1009.9431000,
  8134,           0.9881340,       -1009.9110000,
  8135,           0.9881350,       -1009.8780000,
  8136,           0.9881360,       -1009.8454000,
  8137,           0.9881370,       -1009.8101000,
  8138,           0.9881380,       -1009.7753000,
  8139,           0.9881390,       -1009.7440000,
  8140,           0.9881400,       -1009.7090000,
  8141,           0.9881410,       -1009.6761000,
  8142,           0.9881420,       -1009.6420000,
  8143,           0.9881430,       -1009.6080000,
  8144,           0.9881440,       -1009.5770000,
  8145,           0.9881450,       -1009.5423000,
  8146,           0.9881460,       -1009.5092000,
  8147,           0.9881470,       -1009.4750000,
  8148,           0.9881480,       -1009.4430000,
  8149,           0.9881490,       -1009.4093000,
  8150,           0.9881500,       -1009.3754000,
  8151,           0.9881510,       -1009.3422000,
  8152,           0.9881520,       -1009.3083000,
  8153,           0.9881530,       -1009.2760000,
  8154,           0.9881540,       -1009.2430000,
  8155,           0.9881550,       -1009.2090000,
  8156,           0.9881560,       -1009.1743000,
  8157,           0.9881570,       -1009.1434000,
  8158,           0.9881580,       -1009.1090000,
  8159,           0.9881590,       -1009.0762000,
  8160,           0.9881600,       -1009.0420000,
  8161,           0.9881610,       -1009.0070000,
  8162,           0.9881620,       -1008.9751000,
  8163,           0.9881630,       -1008.9410000,
  8164,           0.9881640,       -1008.9080000,
  8165,           0.9881650,       -1008.8730000,
  8166,           0.9881660,       -1008.8410000,
  8167,           0.9881670,       -1008.8074000,
  8168,           0.9881680,       -1008.7734000,
  8169,           0.9881690,       -1008.7401000,
  8170,           0.9881700,       -1008.7060000,
  8171,           0.9881710,       -1008.6740000,
  8172,           0.9881720,       -1008.6410000,
  8173,           0.9881730,       -1008.6064000,
  8174,           0.9881740,       -1008.5733000,
  8175,           0.9881750,       -1008.5414000,
  8176,           0.9881760,       -1008.5070000,
  8177,           0.9881770,       -1008.4742000,
  8178,           0.9881780,       -1008.4392000,
  8179,           0.9881790,       -1008.4070000,
  8180,           0.9881800,       -1008.3750000,
  8181,           0.9881810,       -1008.3400000,
  8182,           0.9881820,       -1008.3073000,
  8183,           0.9881830,       -1008.2730000,
  8184,           0.9881840,       -1008.2420000,
  8185,           0.9881850,       -1008.2060000,
  8186,           0.9881860,       -1008.1720000,
  8187,           0.9881870,       -1008.1382000,
  8188,           0.9881880,       -1008.1040000,
  8189,           0.9881890,       -1008.0740000,
  8190,           0.9881900,       -1008.0392000,
  8191,           0.9881910,       -1008.0050000,
  8192,           0.9881920,       -1007.9711000,
  8193,           0.9881930,       -1007.9400000,
  8194,           0.9881940,       -1007.9060000,
  8195,           0.9881950,       -1007.8720000,
  8196,           0.9881960,       -1007.8383000,
  8197,           0.9881970,       -1007.8050000,
  8198,           0.9881980,       -1000.6270000,
  8199,           0.9881990,       -1000.5940000,
  8200,           0.9882000,       -1000.5590000,
  8201,           0.9882010,       -1000.5250000,
  8202,           0.9882020,       -1000.4940000,
  8203,           0.9882030,       -1000.4590000,
  8204,           0.9882040,       -1000.4260000,
  8205,           0.9882050,       -1000.3910000,
  8206,           0.9882060,       -1000.3580000,
  8207,           0.9882070,       -1000.3270000,
  8208,           0.9882080,       -1000.2910000,
  8209,           0.9882090,       -1000.2580000,
  8210,           0.9882100,       -1000.2230000,
  8211,           0.9882110,       -1000.1910000,
  8212,           0.9882120,       -1000.1574000,
  8213,           0.9882130,       -1000.1230000,
  8214,           0.9882140,       -1000.0891000,
  8215,           0.9882150,       -1000.0560000,
  8216,           0.9882160,       -1000.0241000,
  8217,           0.9882170,        -999.9907000,
  8218,           0.9882180,        -999.9561100,
  8219,           0.9882190,        -999.9218000,
  8220,           0.9882200,        -999.8908000,
  8221,           0.9882210,        -999.8563200,
  8222,           0.9882220,        -999.8235000,
  8223,           0.9882230,        -999.7881000,
  8224,           0.9882240,        -999.7544000,
  8225,           0.9882250,        -999.7234400,
  8226,           0.9882260,        -999.6890000,
  8227,           0.9882270,        -999.6560000,
  8228,           0.9882280,        -999.6209100,
  8229,           0.9882290,        -999.5894100,
  8230,           0.9882300,        -999.5560000,
  8231,           0.9882310,        -999.5212400,
  8232,           0.9882320,        -999.4879100,
  8233,           0.9882330,        -999.4553200,
  8234,           0.9882340,        -999.4213000,
  8235,           0.9882350,        -999.3874000,
  8236,           0.9882360,        -999.3532100,
  8237,           0.9882370,        -999.3199000,
  8238,           0.9882380,        -999.2881400,
  8239,           0.9882390,        -999.2534000,
  8240,           0.9882400,        -999.2204000,
  8241,           0.9882410,        -999.1857200,
  8242,           0.9882420,        -999.1553300,
  8243,           0.9882430,        -999.1208000,
  8244,           0.9882440,        -999.0865400,
  8245,           0.9882450,        -999.0536000,
  8246,           0.9882460,        -999.0181200,
  8247,           0.9882470,        -998.9875400,
  8248,           0.9882480,        -998.9532400,
  8249,           0.9882490,        -998.9189000,
  8250,           0.9882500,        -998.8852000,
  8251,           0.9882510,        -998.8535100,
  8252,           0.9882520,        -998.8191000,
  8253,           0.9882530,        -998.7863000,
  8254,           0.9882540,        -998.7512200,
  8255,           0.9882550,        -998.7181000,
  8256,           0.9882560,        -998.6863000,
  8257,           0.9882570,        -998.6511200,
  8258,           0.9882580,        -998.6181000,
  8259,           0.9882590,        -998.5828200,
  8260,           0.9882600,        -998.5531000,
  8261,           0.9882610,        -998.5178200,
  8262,           0.9882620,        -998.4838000,
  8263,           0.9882630,        -998.4504000,
  8264,           0.9882640,        -998.4166200,
  8265,           0.9882650,        -998.3855000,
  8266,           0.9882660,        -998.3510100,
  8267,           0.9882670,        -998.3169000,
  8268,           0.9882680,        -998.2836300,
  8269,           0.9882690,        -998.2508000,
  8270,           0.9882700,        -998.2173000,
  8271,           0.9882710,        -998.1832200,
  8272,           0.9882720,        -998.1494100,
  8273,           0.9882730,        -998.1166300,
  8274,           0.9882740,        -998.0831200,
  8275,           0.9882750,        -998.0504100,
  8276,           0.9882760,        -998.0169000,
  8277,           0.9882770,        -997.9825000,
  8278,           0.9882780,        -997.9508000,
  8279,           0.9882790,        -997.9161000,
  8280,           0.9882800,        -997.8839000,
  8281,           0.9882810,        -997.8484000,
  8282,           0.9882820,        -997.8134000,
  8283,           0.9882830,        -997.7825300,
  8284,           0.9882840,        -997.7485300,
  8285,           0.9882850,        -997.7148400,
  8286,           0.9882860,        -997.6815000,
  8287,           0.9882870,        -997.6492300,
  8288,           0.9882880,        -997.6160000,
  8289,           0.9882890,        -997.5820300,
  8290,           0.9882900,        -997.5470000,
  8291,           0.9882910,        -997.5144000,
  8292,           0.9882920,        -997.4813000,
  8293,           0.9882930,        -997.4487000,
  8294,           0.9882940,        -997.4144000,
  8295,           0.9882950,        -997.3798000,
  8296,           0.9882960,        -997.3481000,
  8297,           0.9882970,        -997.3148000,
  8298,           0.9882980,        -997.2817000,
  8299,           0.9882990,        -997.2472000,
  8300,           0.9883000,        -997.2130000,
  8301,           0.9883010,        -997.1813000,
  8302,           0.9883020,        -997.1472100,
  8303,           0.9883030,        -997.1138000,
  8304,           0.9883040,        -997.0794000,
  8305,           0.9883050,        -997.0469000,
  8306,           0.9883060,        -997.0135400,
  8307,           0.9883070,        -996.9789400,
  8308,           0.9883080,        -996.9464100,
  8309,           0.9883090,        -996.9127100,
  8310,           0.9883100,        -996.8799400,
  8311,           0.9883110,        -996.8474000,
  8312,           0.9883120,        -996.8126000,
  8313,           0.9883130,        -996.7789000,
  8314,           0.9883140,        -996.7473000,
  8315,           0.9883150,        -996.7128000,
  8316,           0.9883160,        -996.6794000,
  8317,           0.9883170,        -996.6453000,
  8318,           0.9883180,        -996.6105000,
  8319,           0.9883190,        -996.5801000,
  8320,           0.9883200,        -996.5460000,
  8321,           0.9883210,        -996.5127000,
  8322,           0.9883220,        -996.4787000,
  8323,           0.9883230,        -996.4461000,
  8324,           0.9883240,        -996.4127100,
  8325,           0.9883250,        -996.3781000,
  8326,           0.9883260,        -996.3457000,
  8327,           0.9883270,        -996.3108000,
  8328,           0.9883280,        -996.2788000,
  8329,           0.9883290,        -996.2453000,
  8330,           0.9883300,        -996.2107000,
  8331,           0.9883310,        -996.1776000,
  8332,           0.9883320,        -996.1452000,
  8333,           0.9883330,        -996.1111000,
  8334,           0.9883340,        -996.0786000,
  8335,           0.9883350,        -996.0445000,
  8336,           0.9883360,        -996.0098200,
  8337,           0.9883370,        -995.9791200,
  8338,           0.9883380,        -995.9439000,
  8339,           0.9883390,        -995.9105200,
  8340,           0.9883400,        -995.8763000,
  8341,           0.9883410,        -995.8445000,
  8342,           0.9883420,        -995.8112100,
  8343,           0.9883430,        -995.7773000,
  8344,           0.9883440,        -995.7438300,
  8345,           0.9883450,        -995.7100000,
  8346,           0.9883460,        -995.6775000,
  8347,           0.9883470,        -995.6440000,
  8348,           0.9883480,        -995.6102000,
  8349,           0.9883490,        -995.5766000,
  8350,           0.9883500,        -995.5452000,
  8351,           0.9883510,        -995.5108000,
  8352,           0.9883520,        -995.4773000,
  8353,           0.9883530,        -995.4424000,
  8354,           0.9883540,        -995.4095000,
  8355,           0.9883550,        -995.3767000,
  8356,           0.9883560,        -995.3430000,
  8357,           0.9883570,        -995.3096000,
  8358,           0.9883580,        -995.2757000,
  8359,           0.9883590,        -995.2434000,
  8360,           0.9883600,        -995.2107000,
  8361,           0.9883610,        -995.1760200,
  8362,           0.9883620,        -995.1426300,
  8363,           0.9883630,        -995.1089000,
  8364,           0.9883640,        -995.0762000,
  8365,           0.9883650,        -995.0439000,
  8366,           0.9883660,        -995.0090300,
  8367,           0.9883670,        -994.9764400,
  8368,           0.9883680,        -994.9437000,
  8369,           0.9883690,        -994.9098000,
  8370,           0.9883700,        -994.8760000,
  8371,           0.9883710,        -994.8419000,
  8372,           0.9883720,        -994.8087000,
  8373,           0.9883730,        -994.7767300,
  8374,           0.9883740,        -994.7421200,
  8375,           0.9883750,        -994.7098000,
  8376,           0.9883760,        -994.6751000,
  8377,           0.9883770,        -994.6424000,
  8378,           0.9883780,        -994.6096100,
  8379,           0.9883790,        -994.5751300,
  8380,           0.9883800,        -994.5424100,
  8381,           0.9883810,        -994.5076000,
  8382,           0.9883820,        -994.4755000,
  8383,           0.9883830,        -994.4427400,
  8384,           0.9883840,        -994.4078300,
  8385,           0.9883850,        -994.3748000,
  8386,           0.9883860,        -994.3428000,
  8387,           0.9883870,        -994.3082200,
  8388,           0.9883880,        -994.2758100,
  8389,           0.9883890,        -994.2411000,
  8390,           0.9883900,        -994.2087400,
  8391,           0.9883910,        -994.1760200,
  8392,           0.9883920,        -994.1420200,
  8393,           0.9883930,        -994.1084000,
  8394,           0.9883940,        -994.0742100,
  8395,           0.9883950,        -994.0436000,
  8396,           0.9883960,        -994.0092000,
  8397,           0.9883970,        -993.9750000,
  8398,           0.9883980,        -993.9418300,
  8399,           0.9883990,        -993.9077000,
  8400,           0.9884000,        -993.8749000,
  8401,           0.9884010,        -993.8418000,
  8402,           0.9884020,        -993.8073000,
  8403,           0.9884030,        -993.7748000,
  8404,           0.9884040,        -993.7419400,
  8405,           0.9884050,        -993.7080000,
  8406,           0.9884060,        -993.6747000,
  8407,           0.9884070,        -993.6402000,
  8408,           0.9884080,        -993.6074200,
  8409,           0.9884090,        -993.5753000,
  8410,           0.9884100,        -993.5414000,
  8411,           0.9884110,        -993.5081000,
  8412,           0.9884120,        -993.4745000,
  8413,           0.9884130,        -993.4428100,
  8414,           0.9884140,        -993.4089300,
  8415,           0.9884150,        -993.3745100,
  8416,           0.9884160,        -993.3409400,
  8417,           0.9884170,        -993.3067000,
  8418,           0.9884180,        -993.2745000,
  8419,           0.9884190,        -993.2416000,
  8420,           0.9884200,        -993.2079400,
  8421,           0.9884210,        -993.1745000,
  8422,           0.9884220,        -993.1429000,
  8423,           0.9884230,        -993.1083300,
  8424,           0.9884240,        -993.0748000,
  8425,           0.9884250,        -993.0408300,
  8426,           0.9884260,        -993.0068000,
  8427,           0.9884270,        -992.9757000,
  8428,           0.9884280,        -992.9409000,
  8429,           0.9884290,        -992.9084000,
  8430,           0.9884300,        -992.8731000,
  8431,           0.9884310,        -992.8413000,
  8432,           0.9884320,        -992.8082000,
  8433,           0.9884330,        -992.7740000,
  8434,           0.9884340,        -992.7407200,
  8435,           0.9884350,        -992.7093000,
  8436,           0.9884360,        -992.6743000,
  8437,           0.9884370,        -992.6422100,
  8438,           0.9884380,        -992.6073000,
  8439,           0.9884390,        -992.5742100,
  8440,           0.9884400,        -992.5419300,
  8441,           0.9884410,        -992.5078100,
  8442,           0.9884420,        -992.4744000,
  8443,           0.9884430,        -992.4411000,
  8444,           0.9884440,        -992.4095000,
  8445,           0.9884450,        -992.3758000,
  8446,           0.9884460,        -992.3417300,
  8447,           0.9884470,        -992.3078000,
  8448,           0.9884480,        -992.2736200,
  8449,           0.9884490,        -992.2417000,
  8450,           0.9884500,        -992.2086100,
  8451,           0.9884510,        -992.1745000,
  8452,           0.9884520,        -992.1417000,
  8453,           0.9884530,        -992.1082000,
  8454,           0.9884540,        -992.0743000,
  8455,           0.9884550,        -992.0412000,
  8456,           0.9884560,        -992.0075000,
  8457,           0.9884570,        -991.9741200,
  8458,           0.9884580,        -991.9421300,
  8459,           0.9884590,        -991.9081000,
  8460,           0.9884600,        -991.8752400,
  8461,           0.9884610,        -991.8405100,
  8462,           0.9884620,        -991.8101100,
  8463,           0.9884630,        -991.7752000,
  8464,           0.9884640,        -991.7411400,
  8465,           0.9884650,        -991.7081000,
  8466,           0.9884660,        -991.6742000,
  8467,           0.9884670,        -991.6420000,
  8468,           0.9884680,        -991.6095000,
  8469,           0.9884690,        -991.5755000,
  8470,           0.9884700,        -991.5416200,
  8471,           0.9884710,        -991.5095000,
  8472,           0.9884720,        -991.4747300,
  8473,           0.9884730,        -991.4424000,
  8474,           0.9884740,        -991.4076000,
  8475,           0.9884750,        -991.3754000,
  8476,           0.9884760,        -991.3420000,
  8477,           0.9884770,        -991.3078000,
  8478,           0.9884780,        -991.2747000,
  8479,           0.9884790,        -991.2408400,
  8480,           0.9884800,        -991.2086000,
  8481,           0.9884810,        -991.1761000,
  8482,           0.9884820,        -991.1412300,
  8483,           0.9884830,        -991.1095000,
  8484,           0.9884840,        -991.0747000,
  8485,           0.9884850,        -991.0426000,
  8486,           0.9884860,        -991.0090000,
  8487,           0.9884870,        -990.9749100,
  8488,           0.9884880,        -990.9419000,
  8489,           0.9884890,        -990.9100000,
  8490,           0.9884900,        -990.8759000,
  8491,           0.9884910,        -990.8433000,
  8492,           0.9884920,        -990.8094000,
  8493,           0.9884930,        -990.7758100,
  8494,           0.9884940,        -990.7433400,
  8495,           0.9884950,        -990.7092200,
  8496,           0.9884960,        -990.6761000,
  8497,           0.9884970,        -990.6419000,
  8498,           0.9884980,        -990.6094000,
  8499,           0.9884990,        -990.5759000,
  8500,           0.9885000,        -990.5424100,
  8501,           0.9885010,        -990.5090300,
  8502,           0.9885020,        -990.4752000,
  8503,           0.9885030,        -990.4431100,
  8504,           0.9885040,        -990.4100000,
  8505,           0.9885050,        -990.3758000,
  8506,           0.9885060,        -990.3433000,
  8507,           0.9885070,        -990.3107000,
  8508,           0.9885080,        -990.2770300,
  8509,           0.9885090,        -990.2432000,
  8510,           0.9885100,        -990.2092000,
  8511,           0.9885110,        -990.1748000,
  8512,           0.9885120,        -990.1445300,
  8513,           0.9885130,        -990.1097000,
  8514,           0.9885140,        -990.0776300,
  8515,           0.9885150,        -990.0427000,
  8516,           0.9885160,        -990.0112000,
  8517,           0.9885170,        -989.9781000,
  8518,           0.9885180,        -989.9442100,
  8519,           0.9885190,        -989.9100000,
  8520,           0.9885200,        -989.8762000,
  8521,           0.9885210,        -989.8433000,
  8522,           0.9885220,        -989.8106000,
  8523,           0.9885230,        -989.7758000,
  8524,           0.9885240,        -989.7423000,
  8525,           0.9885250,        -989.7115400,
  8526,           0.9885260,        -989.6778000,
  8527,           0.9885270,        -989.6445000,
  8528,           0.9885280,        -989.6097000,
  8529,           0.9885290,        -989.5764000,
  8530,           0.9885300,        -989.5452000,
  8531,           0.9885310,        -989.5114000,
  8532,           0.9885320,        -989.4777200,
  8533,           0.9885330,        -989.4441000,
  8534,           0.9885340,        -989.4116200,
  8535,           0.9885350,        -989.3790000,
  8536,           0.9885360,        -989.3444200,
  8537,           0.9885370,        -989.3107200,
  8538,           0.9885380,        -989.2775200,
  8539,           0.9885390,        -989.2458400,
  8540,           0.9885400,        -989.2126000,
  8541,           0.9885410,        -989.1788000,
  8542,           0.9885420,        -989.1435000,
  8543,           0.9885430,        -989.1133000,
  8544,           0.9885440,        -989.0784300,
  8545,           0.9885450,        -989.0458000,
  8546,           0.9885460,        -989.0109200,
  8547,           0.9885470,        -988.9771100,
  8548,           0.9885480,        -988.9464100,
  8549,           0.9885490,        -988.9124000,
  8550,           0.9885500,        -988.8774000,
  8551,           0.9885510,        -988.8455200,
  8552,           0.9885520,        -988.8127400,
  8553,           0.9885530,        -988.7802000,
  8554,           0.9885540,        -988.7458400,
  8555,           0.9885550,        -988.7114000,
  8556,           0.9885560,        -988.6784000,
  8557,           0.9885570,        -988.6465000,
  8558,           0.9885580,        -988.6132200,
  8559,           0.9885590,        -988.5793400,
  8560,           0.9885600,        -988.5450400,
  8561,           0.9885610,        -988.5149000,
  8562,           0.9885620,        -988.4804000,
  8563,           0.9885630,        -988.4467000,
  8564,           0.9885640,        -988.4133300,
  8565,           0.9885650,        -988.3796300,
  8566,           0.9885660,        -988.3480000,
  8567,           0.9885670,        -988.3135000,
  8568,           0.9885680,        -988.2794000,
  8569,           0.9885690,        -988.2461000,
  8570,           0.9885700,        -988.2136200,
  8571,           0.9885710,        -988.1815000,
  8572,           0.9885720,        -988.1476000,
  8573,           0.9885730,        -988.1131000,
  8574,           0.9885740,        -988.0811000,
  8575,           0.9885750,        -988.0486400,
  8576,           0.9885760,        -988.0146400,
  8577,           0.9885770,        -987.9814400,
  8578,           0.9885780,        -987.9467100,
  8579,           0.9885790,        -987.9161000,
  8580,           0.9885800,        -987.8822000,
  8581,           0.9885810,        -987.8478300,
  8582,           0.9885820,        -987.8151200,
  8583,           0.9885830,        -987.7805100,
  8584,           0.9885840,        -987.7503000,
  8585,           0.9885850,        -987.7161000,
  8586,           0.9885860,        -987.6827000,
  8587,           0.9885870,        -987.6489200,
  8588,           0.9885880,        -987.6172000,
  8589,           0.9885890,        -987.5824000,
  8590,           0.9885900,        -987.5490100,
  8591,           0.9885910,        -987.5146000,
  8592,           0.9885920,        -987.4823000,
  8593,           0.9885930,        -987.4495200,
  8594,           0.9885940,        -987.4159000,
  8595,           0.9885950,        -987.3831000,
  8596,           0.9885960,        -987.3491200,
  8597,           0.9885970,        -987.3167100,
  8598,           0.9885980,        -987.2841000,
  8599,           0.9885990,        -987.2496000,
  8600,           0.9886000,        -987.2171000,
  8601,           0.9886010,        -987.1823000,
  8602,           0.9886020,        -987.1509000,
  8603,           0.9886030,        -987.1177000,
  8604,           0.9886040,        -987.0834000,
  8605,           0.9886050,        -987.0502300,
  8606,           0.9886060,        -987.0189000,
  8607,           0.9886070,        -986.9844300,
  8608,           0.9886080,        -986.9521000,
  8609,           0.9886090,        -986.9175400,
  8610,           0.9886100,        -986.8834200,
  8611,           0.9886110,        -986.8525000,
  8612,           0.9886120,        -986.8182300,
  8613,           0.9886130,        -986.7845400,
  8614,           0.9886140,        -986.7509000,
  8615,           0.9886150,        -986.7182000,
  8616,           0.9886160,        -986.6862000,
  8617,           0.9886170,        -986.6517300,
  8618,           0.9886180,        -986.6191400,
  8619,           0.9886190,        -986.5845300,
  8620,           0.9886200,        -986.5529000,
  8621,           0.9886210,        -986.5203000,
  8622,           0.9886220,        -986.4860200,
  8623,           0.9886230,        -986.4507000,
  8624,           0.9886240,        -986.4204100,
  8625,           0.9886250,        -986.3863000,
  8626,           0.9886260,        -986.3538000,
  8627,           0.9886270,        -986.3193300,
  8628,           0.9886280,        -986.2880200,
  8629,           0.9886290,        -986.2546000,
  8630,           0.9886300,        -986.2206000,
  8631,           0.9886310,        -986.1861000,
  8632,           0.9886320,        -986.1536200,
  8633,           0.9886330,        -986.1217000,
  8634,           0.9886340,        -986.0890000,
  8635,           0.9886350,        -986.0545000,
  8636,           0.9886360,        -986.0201000,
  8637,           0.9886370,        -985.9886400,
  8638,           0.9886380,        -985.9553200,
  8639,           0.9886390,        -985.9220000,
  8640,           0.9886400,        -985.8878100,
  8641,           0.9886410,        -985.8538000,
  8642,           0.9886420,        -985.8232400,
  8643,           0.9886430,        -985.7886000,
  8644,           0.9886440,        -985.7552000,
  8645,           0.9886450,        -985.7219000,
  8646,           0.9886460,        -985.6901000,
  8647,           0.9886470,        -985.6570000,
  8648,           0.9886480,        -985.6234000,
  8649,           0.9886490,        -985.5892000,
  8650,           0.9886500,        -985.5562100,
  8651,           0.9886510,        -985.5241000,
  8652,           0.9886520,        -985.4901100,
  8653,           0.9886530,        -985.4570000,
  8654,           0.9886540,        -985.4232000,
  8655,           0.9886550,        -985.3920200,
  8656,           0.9886560,        -985.3585000,
  8657,           0.9886570,        -985.3243000,
  8658,           0.9886580,        -985.2913000,
  8659,           0.9886590,        -985.2562000,
  8660,           0.9886600,        -985.2256000,
  8661,           0.9886610,        -985.1917000,
  8662,           0.9886620,        -985.1578000,
  8663,           0.9886630,        -985.1245000,
  8664,           0.9886640,        -985.0927100,
  8665,           0.9886650,        -985.0584100,
  8666,           0.9886660,        -985.0258100,
  8667,           0.9886670,        -984.9918200,
  8668,           0.9886680,        -984.9590000,
  8669,           0.9886690,        -984.9264000,
  8670,           0.9886700,        -984.8926300,
  8671,           0.9886710,        -984.8599000,
  8672,           0.9886720,        -984.8262300,
  8673,           0.9886730,        -984.7936400,
  8674,           0.9886740,        -984.7611000,
  8675,           0.9886750,        -984.7270000,
  8676,           0.9886760,        -984.6943000,
  8677,           0.9886770,        -984.6597000,
  8678,           0.9886780,        -984.6281100,
  8679,           0.9886790,        -984.5951000,
  8680,           0.9886800,        -984.5616000,
  8681,           0.9886810,        -984.5276400,
  8682,           0.9886820,        -984.4962000,
  8683,           0.9886830,        -984.4615400,
  8684,           0.9886840,        -984.4286400,
  8685,           0.9886850,        -984.3943400,
  8686,           0.9886860,        -984.3605300,
  8687,           0.9886870,        -984.3297000,
  8688,           0.9886880,        -984.2955300,
  8689,           0.9886890,        -984.2628000,
  8690,           0.9886900,        -984.2289000,
  8691,           0.9886910,        -984.1968300,
  8692,           0.9886920,        -984.1636300,
  8693,           0.9886930,        -984.1298000,
  8694,           0.9886940,        -984.0959400,
  8695,           0.9886950,        -984.0627400,
  8696,           0.9886960,        -984.0306300,
  8697,           0.9886970,        -983.9983000,
  8698,           0.9886980,        -983.9640000,
  8699,           0.9886990,        -983.9297400,
  8700,           0.9887000,        -983.8994100,
  8701,           0.9887010,        -983.8656000,
  8702,           0.9887020,        -983.8311100,
  8703,           0.9887030,        -983.7979100,
  8704,           0.9887040,        -983.7635400,
  8705,           0.9887050,        -983.7338000,
  8706,           0.9887060,        -983.6991000,
  8707,           0.9887070,        -983.6645000,
  8708,           0.9887080,        -983.6317000,
  8709,           0.9887090,        -983.6002000,
  8710,           0.9887100,        -983.5670100,
  8711,           0.9887110,        -983.5333000,
  8712,           0.9887120,        -983.4986000,
  8713,           0.9887130,        -983.4662400,
  8714,           0.9887140,        -983.4340200,
  8715,           0.9887150,        -983.3998000,
  8716,           0.9887160,        -983.3669000,
  8717,           0.9887170,        -983.3331200,
  8718,           0.9887180,        -983.3022000,
  8719,           0.9887190,        -983.2684300,
  8720,           0.9887200,        -983.2341000,
  8721,           0.9887210,        -983.2020200,
  8722,           0.9887220,        -983.1678000,
  8723,           0.9887230,        -983.1358000,
  8724,           0.9887240,        -983.1027200,
  8725,           0.9887250,        -983.0693300,
  8726,           0.9887260,        -983.0356000,
  8727,           0.9887270,        -983.0035000,
  8728,           0.9887280,        -982.9695400,
  8729,           0.9887290,        -982.9368200,
  8730,           0.9887300,        -982.9025200,
  8731,           0.9887310,        -982.8687100,
  8732,           0.9887320,        -982.8373000,
  8733,           0.9887330,        -982.8037100,
  8734,           0.9887340,        -982.7712000,
  8735,           0.9887350,        -982.7376000,
  8736,           0.9887360,        -982.7048000,
  8737,           0.9887370,        -982.6722000,
  8738,           0.9887380,        -982.6378000,
  8739,           0.9887390,        -982.6040000,
  8740,           0.9887400,        -982.5707300,
  8741,           0.9887410,        -982.5388100,
  8742,           0.9887420,        -982.5064000,
  8743,           0.9887430,        -982.4720400,
  8744,           0.9887440,        -982.4385000,
  8745,           0.9887450,        -982.4077100,
  8746,           0.9887460,        -982.3737100,
  8747,           0.9887470,        -982.3407000,
  8748,           0.9887480,        -982.3073000,
  8749,           0.9887490,        -982.2722100,
  8750,           0.9887500,        -982.2417000,
  8751,           0.9887510,        -982.2078000,
  8752,           0.9887520,        -982.1736000,
  8753,           0.9887530,        -982.1405000,
  8754,           0.9887540,        -982.1085200,
  8755,           0.9887550,        -982.0756200,
  8756,           0.9887560,        -982.0419300,
  8757,           0.9887570,        -982.0076000,
  8758,           0.9887580,        -981.9755000,
  8759,           0.9887590,        -981.9428100,
  8760,           0.9887600,        -981.9095000,
  8761,           0.9887610,        -981.8756100,
  8762,           0.9887620,        -981.8424000,
  8763,           0.9887630,        -981.8112100,
  8764,           0.9887640,        -981.7775200,
  8765,           0.9887650,        -981.7436000,
  8766,           0.9887660,        -981.7108100,
  8767,           0.9887670,        -981.6763000,
  8768,           0.9887680,        -981.6449000,
  8769,           0.9887690,        -981.6127300,
  8770,           0.9887700,        -981.5785000,
  8771,           0.9887710,        -981.5447300,
  8772,           0.9887720,        -981.5132400,
  8773,           0.9887730,        -981.4792400,
  8774,           0.9887740,        -981.4462000,
  8775,           0.9887750,        -981.4124100,
  8776,           0.9887760,        -981.3779200,
  8777,           0.9887770,        -981.3473000,
  8778,           0.9887780,        -981.3129200,
  8779,           0.9887790,        -981.2807000,
  8780,           0.9887800,        -981.2462100,
  8781,           0.9887810,        -981.2144000,
  8782,           0.9887820,        -981.1813300,
  8783,           0.9887830,        -981.1483000,
  8784,           0.9887840,        -981.1135000,
  8785,           0.9887850,        -981.0811000,
  8786,           0.9887860,        -981.0488000,
  8787,           0.9887870,        -981.0167000,
  8788,           0.9887880,        -980.9820000,
  8789,           0.9887890,        -980.9484000,
  8790,           0.9887900,        -980.9175000,
  8791,           0.9887910,        -980.8837000,
  8792,           0.9887920,        -980.8495400,
  8793,           0.9887930,        -980.8171000,
  8794,           0.9887940,        -980.7826000,
  8795,           0.9887950,        -980.7516000,
  8796,           0.9887960,        -980.7178000,
  8797,           0.9887970,        -980.6835300,
  8798,           0.9887980,        -980.6514000,
  8799,           0.9887990,        -980.6187000,
  8800,           0.9888000,        -980.5851000,
  8801,           0.9888010,        -980.5520000,
  8802,           0.9888020,        -980.5182400,
  8803,           0.9888030,        -980.4855300,
  8804,           0.9888040,        -980.4539100,
  8805,           0.9888050,        -980.4194000,
  8806,           0.9888060,        -980.3866000,
  8807,           0.9888070,        -980.3520000,
  8808,           0.9888080,        -980.3206100,
  8809,           0.9888090,        -980.2875300,
  8810,           0.9888100,        -980.2540200,
  8811,           0.9888110,        -980.2212000,
  8812,           0.9888120,        -980.1875000,
  8813,           0.9888130,        -980.1552100,
  8814,           0.9888140,        -980.1231000,
  8815,           0.9888150,        -980.0889000,
  8816,           0.9888160,        -980.0552000,
  8817,           0.9888170,        -980.0238000,
  8818,           0.9888180,        -979.9894400,
  8819,           0.9888190,        -979.9570300,
  8820,           0.9888200,        -979.9227000,
  8821,           0.9888210,        -979.8889100,
  8822,           0.9888220,        -979.8581000,
  8823,           0.9888230,        -979.8242000,
  8824,           0.9888240,        -979.7899000,
  8825,           0.9888250,        -979.7576000,
  8826,           0.9888260,        -979.7252000,
  8827,           0.9888270,        -979.6931000,
  8828,           0.9888280,        -979.6588000,
  8829,           0.9888290,        -979.6249300,
  8830,           0.9888300,        -979.5940000,
  8831,           0.9888310,        -979.5602400,
  8832,           0.9888320,        -979.5262400,
  8833,           0.9888330,        -979.4937000,
  8834,           0.9888340,        -979.4592200,
  8835,           0.9888350,        -979.4286000,
  8836,           0.9888360,        -979.3945000,
  8837,           0.9888370,        -979.3610200,
  8838,           0.9888380,        -979.3283000,
  8839,           0.9888390,        -979.2961000,
  8840,           0.9888400,        -979.2619000,
  8841,           0.9888410,        -979.2289400,
  8842,           0.9888420,        -979.1955000,
  8843,           0.9888430,        -979.1626000,
  8844,           0.9888440,        -979.1312000,
  8845,           0.9888450,        -979.0966000,
  8846,           0.9888460,        -979.0638400,
  8847,           0.9888470,        -979.0299000,
  8848,           0.9888480,        -978.9982000,
  8849,           0.9888490,        -978.9649000,
  8850,           0.9888500,        -978.9316000,
  8851,           0.9888510,        -978.8986000,
  8852,           0.9888520,        -978.8643000,
  8853,           0.9888530,        -978.8324000,
  8854,           0.9888540,        -978.7995000,
  8855,           0.9888550,        -978.7658000,
  8856,           0.9888560,        -978.7324000,
  8857,           0.9888570,        -978.7015000,
  8858,           0.9888580,        -978.6671000,
  8859,           0.9888590,        -978.6350000,
  8860,           0.9888600,        -978.6006400,
  8861,           0.9888610,        -978.5668300,
  8862,           0.9888620,        -978.5359400,
  8863,           0.9888630,        -978.5024000,
  8864,           0.9888640,        -978.4677100,
  8865,           0.9888650,        -978.4354000,
  8866,           0.9888660,        -978.4036200,
  8867,           0.9888670,        -978.3709100,
  8868,           0.9888680,        -978.3370000,
  8869,           0.9888690,        -978.3030000,
  8870,           0.9888700,        -978.2702000,
  8871,           0.9888710,        -978.2377300,
  8872,           0.9888720,        -978.2038000,
  8873,           0.9888730,        -978.1711000,
  8874,           0.9888740,        -978.1374000,
  8875,           0.9888750,        -978.1061400,
  8876,           0.9888760,        -978.0725000,
  8877,           0.9888770,        -978.0390000,
  8878,           0.9888780,        -978.0059200,
  8879,           0.9888790,        -977.9720400,
  8880,           0.9888800,        -977.9408000,
  8881,           0.9888810,        -977.9073000,
  8882,           0.9888820,        -977.8742000,
  8883,           0.9888830,        -977.8413000,
  8884,           0.9888840,        -977.8092000,
  8885,           0.9888850,        -977.7749000,
  8886,           0.9888860,        -977.7427300,
  8887,           0.9888870,        -977.7085000,
  8888,           0.9888880,        -977.6746200,
  8889,           0.9888890,        -977.6439200,
  8890,           0.9888900,        -977.6099000,
  8891,           0.9888910,        -977.5773300,
  8892,           0.9888920,        -977.5430200,
  8893,           0.9888930,        -977.5115000,
  8894,           0.9888940,        -977.4786000,
  8895,           0.9888950,        -977.4449000,
  8896,           0.9888960,        -977.4105200,
  8897,           0.9888970,        -977.3778000,
  8898,           0.9888980,        -977.3458200,
  8899,           0.9888990,        -977.3135300,
  8900,           0.9889000,        -977.2792000,
  8901,           0.9889010,        -977.2456000,
  8902,           0.9889020,        -977.2145000,
  8903,           0.9889030,        -977.1805000,
  8904,           0.9889040,        -977.1476000,
  8905,           0.9889050,        -977.1145000,
  8906,           0.9889060,        -977.0807400,
  8907,           0.9889070,        -977.0485200,
  8908,           0.9889080,        -977.0162300,
  8909,           0.9889090,        -976.9815000,
  8910,           0.9889100,        -976.9495200,
  8911,           0.9889110,        -976.9169300,
  8912,           0.9889120,        -976.8833000,
  8913,           0.9889130,        -976.8508000,
  8914,           0.9889140,        -976.8169000,
  8915,           0.9889150,        -976.7823000,
  8916,           0.9889160,        -976.7516400,
  8917,           0.9889170,        -976.7184000,
  8918,           0.9889180,        -976.6851100,
  8919,           0.9889190,        -976.6520000,
  8920,           0.9889200,        -976.6192000,
  8921,           0.9889210,        -976.5870000,
  8922,           0.9889220,        -976.5528000,
  8923,           0.9889230,        -976.5190400,
  8924,           0.9889240,        -976.4865000,
  8925,           0.9889250,        -976.4553000,
  8926,           0.9889260,        -976.4219000,
  8927,           0.9889270,        -976.3885400,
  8928,           0.9889280,        -976.3545000,
  8929,           0.9889290,        -976.3232000,
  8930,           0.9889300,        -976.2894000,
  8931,           0.9889310,        -976.2555000,
  8932,           0.9889320,        -976.2230000,
  8933,           0.9889330,        -976.1884100,
  8934,           0.9889340,        -976.1585000,
  8935,           0.9889350,        -976.1244000,
  8936,           0.9889360,        -976.0906300,
  8937,           0.9889370,        -976.0583000,
  8938,           0.9889380,        -976.0262000,
  8939,           0.9889390,        -975.9921200,
  8940,           0.9889400,        -975.9600200,
  8941,           0.9889410,        -975.9252300,
  8942,           0.9889420,        -975.8925100,
  8943,           0.9889430,        -975.8606000,
  8944,           0.9889440,        -975.8267200,
  8945,           0.9889450,        -975.7946000,
  8946,           0.9889460,        -975.7604000,
  8947,           0.9889470,        -975.7288000,
  8948,           0.9889480,        -975.6957300,
  8949,           0.9889490,        -975.6622300,
  8950,           0.9889500,        -975.6280000,
  8951,           0.9889510,        -975.5961000,
  8952,           0.9889520,        -975.5635300,
  8953,           0.9889530,        -975.5309000,
  8954,           0.9889540,        -975.4970000,
  8955,           0.9889550,        -975.4628000,
  8956,           0.9889560,        -975.4327300,
  8957,           0.9889570,        -975.3986200,
  8958,           0.9889580,        -975.3649200,
  8959,           0.9889590,        -975.3322000,
  8960,           0.9889600,        -975.2988000,
  8961,           0.9889610,        -975.2676300,
  8962,           0.9889620,        -975.2339000,
  8963,           0.9889630,        -975.1998200,
  8964,           0.9889640,        -975.1674000,
  8965,           0.9889650,        -975.1353100,
  8966,           0.9889660,        -975.1005200,
  8967,           0.9889670,        -975.0688000,
  8968,           0.9889680,        -975.0347000,
  8969,           0.9889690,        -975.0023100,
  8970,           0.9889700,        -974.9703000,
  8971,           0.9889710,        -974.9363000,
  8972,           0.9889720,        -974.9033200,
  8973,           0.9889730,        -974.8704200,
  8974,           0.9889740,        -974.8381000,
  8975,           0.9889750,        -974.8054100,
  8976,           0.9889760,        -974.7717000,
  8977,           0.9889770,        -974.7377300,
  8978,           0.9889780,        -974.7050100,
  8979,           0.9889790,        -974.6729100,
  8980,           0.9889800,        -974.6408000,
  8981,           0.9889810,        -974.6069000,
  8982,           0.9889820,        -974.5732000,
  8983,           0.9889830,        -974.5426000,
  8984,           0.9889840,        -974.5089100,
  8985,           0.9889850,        -974.4744200,
  8986,           0.9889860,        -974.4422000,
  8987,           0.9889870,        -974.4081400,
  8988,           0.9889880,        -974.3767000,
  8989,           0.9889890,        -974.3431000,
  8990,           0.9889900,        -974.3093200,
  8991,           0.9889910,        -974.2767300,
  8992,           0.9889920,        -974.2449300,
  8993,           0.9889930,        -974.2110000,
  8994,           0.9889940,        -974.1785200,
  8995,           0.9889950,        -974.1453000,
  8996,           0.9889960,        -974.1107000,
  8997,           0.9889970,        -974.0804000,
  8998,           0.9889980,        -974.0460200,
  8999,           0.9889990,        -974.0134200,
  9000,           0.9890000,        -973.9802200,
  9001,           0.9890010,        -973.9478100,
  9002,           0.9890020,        -973.9158000,
  9003,           0.9890030,        -973.8817000,
  9004,           0.9890040,        -973.8485100,
  9005,           0.9890050,        -973.8154200,
  9006,           0.9890060,        -973.7835000,
  9007,           0.9890070,        -973.7509000,
  9008,           0.9890080,        -973.7173400,
  9009,           0.9890090,        -973.6829000,
  9010,           0.9890100,        -973.6519000,
  9011,           0.9890110,        -973.6182000,
  9012,           0.9890120,        -973.5839000,
  9013,           0.9890130,        -973.5520000,
  9014,           0.9890140,        -973.5178000,
  9015,           0.9890150,        -973.4863000,
  9016,           0.9890160,        -973.4531000,
  9017,           0.9890170,        -973.4204100,
  9018,           0.9890180,        -973.3872000,
  9019,           0.9890190,        -973.3547000,
  9020,           0.9890200,        -973.3215300,
  9021,           0.9890210,        -973.2889000,
  9022,           0.9890220,        -973.2552000,
  9023,           0.9890230,        -973.2234000,
  9024,           0.9890240,        -973.1909100,
  9025,           0.9890250,        -973.1568000,
  9026,           0.9890260,        -973.1249000,
  9027,           0.9890270,        -973.0903300,
  9028,           0.9890280,        -973.0585000,
  9029,           0.9890290,        -973.0261200,
  9030,           0.9890300,        -972.9922400,
  9031,           0.9890310,        -972.9586100,
  9032,           0.9890320,        -972.9281000,
  9033,           0.9890330,        -972.8942200,
  9034,           0.9890340,        -972.8595000,
  9035,           0.9890350,        -972.8275000,
  9036,           0.9890360,        -972.7936400,
  9037,           0.9890370,        -972.7627000,
  9038,           0.9890380,        -972.7291000,
  9039,           0.9890390,        -972.6951000,
  9040,           0.9890400,        -972.6626000,
  9041,           0.9890410,        -972.6307000,
  9042,           0.9890420,        -972.5968000,
  9043,           0.9890430,        -972.5643300,
  9044,           0.9890440,        -972.5304000,
  9045,           0.9890450,        -972.4980400,
  9046,           0.9890460,        -972.4663000,
  9047,           0.9890470,        -972.4327000,
  9048,           0.9890480,        -972.4001400,
  9049,           0.9890490,        -972.3663000,
  9050,           0.9890500,        -972.3340000,
  9051,           0.9890510,        -972.3019000,
  9052,           0.9890520,        -972.2678200,
  9053,           0.9890530,        -972.2342000,
  9054,           0.9890540,        -972.2015000,
  9055,           0.9890550,        -972.1701000,
  9056,           0.9890560,        -972.1367100,
  9057,           0.9890570,        -972.1028000,
  9058,           0.9890580,        -972.0695000,
  9059,           0.9890590,        -972.0385000,
  9060,           0.9890600,        -972.0054300,
  9061,           0.9890610,        -971.9711300,
  9062,           0.9890620,        -971.9389000,
  9063,           0.9890630,        -971.9048400,
  9064,           0.9890640,        -971.8743000,
  9065,           0.9890650,        -971.8405000,
  9066,           0.9890660,        -971.8063000,
  9067,           0.9890670,        -971.7740400,
  9068,           0.9890680,        -971.7415000,
  9069,           0.9890690,        -971.7083000,
  9070,           0.9890700,        -971.6758400,
  9071,           0.9890710,        -971.6422100,
  9072,           0.9890720,        -971.6083000,
  9073,           0.9890730,        -971.5782400,
  9074,           0.9890740,        -971.5443000,
  9075,           0.9890750,        -971.5116000,
  9076,           0.9890760,        -971.4775300,
  9077,           0.9890770,        -971.4458000,
  9078,           0.9890780,        -971.4132000,
  9079,           0.9890790,        -971.3795100,
  9080,           0.9890800,        -971.3460000,
  9081,           0.9890810,        -971.3126200,
  9082,           0.9890820,        -971.2815000,
  9083,           0.9890830,        -971.2470000,
  9084,           0.9890840,        -971.2143000,
  9085,           0.9890850,        -971.1811000,
  9086,           0.9890860,        -971.1506000,
  9087,           0.9890870,        -971.1163000,
  9088,           0.9890880,        -971.0824000,
  9089,           0.9890890,        -971.0506000,
  9090,           0.9890900,        -971.0166000,
  9091,           0.9890910,        -970.9847400,
  9092,           0.9890920,        -970.9525100,
  9093,           0.9890930,        -970.9184000,
  9094,           0.9890940,        -970.8863000,
  9095,           0.9890950,        -970.8542000,
  9096,           0.9890960,        -970.8210000,
  9097,           0.9890970,        -970.7880200,
  9098,           0.9890980,        -970.7548200,
  9099,           0.9890990,        -970.7203300,
  9100,           0.9891000,        -970.6899400,
  9101,           0.9891010,        -970.6558000,
  9102,           0.9891020,        -970.6215200,
  9103,           0.9891030,        -970.5894100,
  9104,           0.9891040,        -970.5574300,
  9105,           0.9891050,        -970.5255000,
  9106,           0.9891060,        -970.4914000,
  9107,           0.9891070,        -970.4581000,
  9108,           0.9891080,        -970.4252000,
  9109,           0.9891090,        -970.3933100,
  9110,           0.9891100,        -970.3597000,
  9111,           0.9891110,        -970.3268400,
  9112,           0.9891120,        -970.2930200,
  9113,           0.9891130,        -970.2612000,
  9114,           0.9891140,        -970.2292000,
  9115,           0.9891150,        -970.1952000,
  9116,           0.9891160,        -970.1624100,
  9117,           0.9891170,        -970.1292100,
  9118,           0.9891180,        -970.0972200,
  9119,           0.9891190,        -970.0653000,
  9120,           0.9891200,        -970.0308200,
  9121,           0.9891210,        -969.9976100,
  9122,           0.9891220,        -969.9666100,
  9123,           0.9891230,        -969.9332200,
  9124,           0.9891240,        -969.8990400,
  9125,           0.9891250,        -969.8663000,
  9126,           0.9891260,        -969.8329000,
  9127,           0.9891270,        -969.8021000,
  9128,           0.9891280,        -969.7689200,
  9129,           0.9891290,        -969.7346100,
  9130,           0.9891300,        -969.7022000,
  9131,           0.9891310,        -969.6698000,
  9132,           0.9891320,        -969.6360000,
  9133,           0.9891330,        -969.6041200,
  9134,           0.9891340,        -969.5703000,
  9135,           0.9891350,        -969.5369000,
  9136,           0.9891360,        -969.5058000,
  9137,           0.9891370,        -969.4725300,
  9138,           0.9891380,        -969.4398000,
  9139,           0.9891390,        -969.4063100,
  9140,           0.9891400,        -969.3742000,
  9141,           0.9891410,        -969.3418000,
  9142,           0.9891420,        -969.3085300,
  9143,           0.9891430,        -969.2743000,
  9144,           0.9891440,        -969.2423000,
  9145,           0.9891450,        -969.2101400,
  9146,           0.9891460,        -969.1768100,
  9147,           0.9891470,        -969.1435000,
  9148,           0.9891480,        -969.1097400,
  9149,           0.9891490,        -969.0792000,
  9150,           0.9891500,        -969.0455300,
  9151,           0.9891510,        -969.0123200,
  9152,           0.9891520,        -968.9790000,
  9153,           0.9891530,        -968.9462200,
  9154,           0.9891540,        -968.9139000,
  9155,           0.9891550,        -968.8814000,
  9156,           0.9891560,        -968.8477000,
  9157,           0.9891570,        -968.8139000,
  9158,           0.9891580,        -968.7837000,
  9159,           0.9891590,        -968.7501200,
  9160,           0.9891600,        -968.7178000,
  9161,           0.9891610,        -968.6839000,
  9162,           0.9891620,        -968.6498000,
  9163,           0.9891630,        -968.6194000,
  9164,           0.9891640,        -968.5857000,
  9165,           0.9891650,        -968.5518100,
  9166,           0.9891660,        -968.5195000,
  9167,           0.9891670,        -968.4882000,
  9168,           0.9891680,        -968.4538000,
  9169,           0.9891690,        -968.4205000,
  9170,           0.9891700,        -968.3878000,
  9171,           0.9891710,        -968.3550000,
  9172,           0.9891720,        -968.3232000,
  9173,           0.9891730,        -968.2899100,
  9174,           0.9891740,        -968.2577000,
  9175,           0.9891750,        -968.2237000,
  9176,           0.9891760,        -968.1913400,
  9177,           0.9891770,        -968.1595400,
  9178,           0.9891780,        -968.1249000,
  9179,           0.9891790,        -968.0919100,
  9180,           0.9891800,        -968.0590200,
  9181,           0.9891810,        -968.0280000,
  9182,           0.9891820,        -967.9953000,
  9183,           0.9891830,        -967.9615000,
  9184,           0.9891840,        -967.9283400,
  9185,           0.9891850,        -967.8973000,
  9186,           0.9891860,        -967.8640000,
  9187,           0.9891870,        -967.8298300,
  9188,           0.9891880,        -967.7977000,
  9189,           0.9891890,        -967.7640300,
  9190,           0.9891900,        -967.7318100,
  9191,           0.9891910,        -967.6995000,
  9192,           0.9891920,        -967.6658300,
  9193,           0.9891930,        -967.6335000,
  9194,           0.9891940,        -967.6013100,
  9195,           0.9891950,        -967.5676200,
  9196,           0.9891960,        -967.5353000,
  9197,           0.9891970,        -967.5012000,
  9198,           0.9891980,        -967.4678000,
  9199,           0.9891990,        -967.4374000,
  9200,           0.9892000,        -967.4042000,
  9201,           0.9892010,        -967.3694000,
  9202,           0.9892020,        -967.3375200,
  9203,           0.9892030,        -967.3060300,
  9204,           0.9892040,        -967.2731000,
  9205,           0.9892050,        -967.2396000,
  9206,           0.9892060,        -967.2057000,
  9207,           0.9892070,        -967.1738200,
  9208,           0.9892080,        -967.1423000,
  9209,           0.9892090,        -967.1085200,
  9210,           0.9892100,        -967.0761100,
  9211,           0.9892110,        -967.0424000,
  9212,           0.9892120,        -967.0109000,
  9213,           0.9892130,        -966.9775000,
  9214,           0.9892140,        -966.9442100,
  9215,           0.9892150,        -966.9113100,
  9216,           0.9892160,        -966.8780000,
  9217,           0.9892170,        -966.8463000,
  9218,           0.9892180,        -966.8134000,
  9219,           0.9892190,        -966.7803300,
  9220,           0.9892200,        -966.7458000,
  9221,           0.9892210,        -966.7157000,
  9222,           0.9892220,        -966.6819000,
  9223,           0.9892230,        -966.6490400,
  9224,           0.9892240,        -966.6157200,
  9225,           0.9892250,        -966.5844100,
  9226,           0.9892260,        -959.3306200,
  9227,           0.9892270,        -959.2967000,
  9228,           0.9892280,        -959.2630000,
  9229,           0.9892290,        -959.2298000,
  9230,           0.9892300,        -959.1979000,
  9231,           0.9892310,        -959.1646000,
  9232,           0.9892320,        -959.1318000,
  9233,           0.9892330,        -959.0983000,
  9234,           0.9892340,        -959.0663400,
  9235,           0.9892350,        -959.0342000,
  9236,           0.9892360,        -958.9996300,
  9237,           0.9892370,        -958.9658200,
  9238,           0.9892380,        -958.9338300,
  9239,           0.9892390,        -958.9020300,
  9240,           0.9892400,        -958.8696200,
  9241,           0.9892410,        -958.8357000,
  9242,           0.9892420,        -958.8022400,
  9243,           0.9892430,        -958.7714200,
  9244,           0.9892440,        -958.7372400,
  9245,           0.9892450,        -958.7039100,
  9246,           0.9892460,        -958.6711400,
  9247,           0.9892470,        -958.6375100,
  9248,           0.9892480,        -958.6056000,
  9249,           0.9892490,        -958.5733000,
  9250,           0.9892500,        -958.5389400,
  9251,           0.9892510,        -958.5062200,
  9252,           0.9892520,        -958.4752100,
  9253,           0.9892530,        -958.4409000,
  9254,           0.9892540,        -958.4089300,
  9255,           0.9892550,        -958.3752000,
  9256,           0.9892560,        -958.3408000,
  9257,           0.9892570,        -958.3109100,
  9258,           0.9892580,        -958.2767300,
  9259,           0.9892590,        -958.2433400,
  9260,           0.9892600,        -958.2102000,
  9261,           0.9892610,        -958.1785200,
  9262,           0.9892620,        -958.1460000,
  9263,           0.9892630,        -958.1124000,
  9264,           0.9892640,        -958.0787000,
  9265,           0.9892650,        -958.0462000,
  9266,           0.9892660,        -958.0147000,
  9267,           0.9892670,        -957.9806000,
  9268,           0.9892680,        -957.9480000,
  9269,           0.9892690,        -957.9149000,
  9270,           0.9892700,        -957.8826200,
  9271,           0.9892710,        -957.8499100,
  9272,           0.9892720,        -957.8162000,
  9273,           0.9892730,        -957.7829000,
  9274,           0.9892740,        -957.7501200,
  9275,           0.9892750,        -957.7178000,
  9276,           0.9892760,        -957.6862000,
  9277,           0.9892770,        -957.6520300,
  9278,           0.9892780,        -957.6185300,
  9279,           0.9892790,        -957.5880100,
  9280,           0.9892800,        -957.5540000,
  9281,           0.9892810,        -957.5203200,
  9282,           0.9892820,        -957.4877300,
  9283,           0.9892830,        -957.4545200,
  9284,           0.9892840,        -957.4225400,
  9285,           0.9892850,        -957.3896400,
  9286,           0.9892860,        -957.3566000,
  9287,           0.9892870,        -957.3232400,
  9288,           0.9892880,        -957.2922000,
  9289,           0.9892890,        -957.2580000,
  9290,           0.9892900,        -957.2260100,
  9291,           0.9892910,        -957.1913400,
  9292,           0.9892920,        -957.1577000,
  9293,           0.9892930,        -957.1277000,
  9294,           0.9892940,        -957.0936200,
  9295,           0.9892950,        -957.0602400,
  9296,           0.9892960,        -957.0274000,
  9297,           0.9892970,        -956.9955400,
  9298,           0.9892980,        -956.9625200,
  9299,           0.9892990,        -956.9296000,
  9300,           0.9893000,        -956.8965000,
  9301,           0.9893010,        -956.8636400,
  9302,           0.9893020,        -956.8312300,
  9303,           0.9893030,        -956.7985000,
  9304,           0.9893040,        -956.7651000,
  9305,           0.9893050,        -956.7321000,
  9306,           0.9893060,        -956.7002000,
  9307,           0.9893070,        -956.6683300,
  9308,           0.9893080,        -956.6342100,
  9309,           0.9893090,        -956.6000300,
  9310,           0.9893100,        -956.5679300,
  9311,           0.9893110,        -956.5358000,
  9312,           0.9893120,        -956.5020000,
  9313,           0.9893130,        -956.4692300,
  9314,           0.9893140,        -956.4357200,
  9315,           0.9893150,        -956.4053000,
  9316,           0.9893160,        -956.3712100,
  9317,           0.9893170,        -956.3376400,
  9318,           0.9893180,        -956.3053000,
  9319,           0.9893190,        -956.2720000,
  9320,           0.9893200,        -956.2399200,
  9321,           0.9893210,        -956.2074000,
  9322,           0.9893220,        -956.1743000,
  9323,           0.9893230,        -956.1400000,
  9324,           0.9893240,        -956.1103000,
  9325,           0.9893250,        -956.0758000,
  9326,           0.9893260,        -956.0434000,
  9327,           0.9893270,        -956.0098000,
  9328,           0.9893280,        -955.9761300,
  9329,           0.9893290,        -955.9463000,
  9330,           0.9893300,        -955.9120400,
  9331,           0.9893310,        -955.8777400,
  9332,           0.9893320,        -955.8455000,
  9333,           0.9893330,        -955.8132300,
  9334,           0.9893340,        -955.7798400,
  9335,           0.9893350,        -955.7474300,
  9336,           0.9893360,        -955.7140000,
  9337,           0.9893370,        -955.6801000,
  9338,           0.9893380,        -955.6498000,
  9339,           0.9893390,        -955.6166000,
  9340,           0.9893400,        -955.5836000,
  9341,           0.9893410,        -955.5502000,
  9342,           0.9893420,        -955.5187300,
  9343,           0.9893430,        -955.4855300,
  9344,           0.9893440,        -955.4526300,
  9345,           0.9893450,        -955.4182100,
  9346,           0.9893460,        -955.3865000,
  9347,           0.9893470,        -955.3545000,
  9348,           0.9893480,        -955.3206000,
  9349,           0.9893490,        -955.2886300,
  9350,           0.9893500,        -955.2546000,
  9351,           0.9893510,        -955.2234400,
  9352,           0.9893520,        -955.1905000,
  9353,           0.9893530,        -955.1559400,
  9354,           0.9893540,        -955.1237000,
  9355,           0.9893550,        -955.0899000,
  9356,           0.9893560,        -955.0588000,
  9357,           0.9893570,        -955.0259000,
  9358,           0.9893580,        -954.9923000,
  9359,           0.9893590,        -954.9587400,
  9360,           0.9893600,        -954.9283400,
  9361,           0.9893610,        -954.8950100,
  9362,           0.9893620,        -954.8611000,
  9363,           0.9893630,        -954.8283000,
  9364,           0.9893640,        -954.7952200,
  9365,           0.9893650,        -954.7629000,
  9366,           0.9893660,        -954.7315000,
  9367,           0.9893670,        -954.6972000,
  9368,           0.9893680,        -954.6658000,
  9369,           0.9893690,        -954.6334200,
  9370,           0.9893700,        -954.5993000,
  9371,           0.9893710,        -954.5676000,
  9372,           0.9893720,        -954.5334000,
  9373,           0.9893730,        -954.5002000,
  9374,           0.9893740,        -954.4689300,
  9375,           0.9893750,        -954.4351000,
  9376,           0.9893760,        -954.4016000,
  9377,           0.9893770,        -954.3694400,
  9378,           0.9893780,        -954.3371000,
  9379,           0.9893790,        -954.3036000,
  9380,           0.9893800,        -954.2711100,
  9381,           0.9893810,        -954.2380000,
  9382,           0.9893820,        -954.2053200,
  9383,           0.9893830,        -954.1743000,
  9384,           0.9893840,        -954.1406200,
  9385,           0.9893850,        -954.1077000,
  9386,           0.9893860,        -954.0748000,
  9387,           0.9893870,        -954.0424000,
  9388,           0.9893880,        -954.0107400,
  9389,           0.9893890,        -953.9768000,
  9390,           0.9893900,        -953.9429000,
  9391,           0.9893910,        -953.9108200,
  9392,           0.9893920,        -953.8788400,
  9393,           0.9893930,        -953.8452100,
  9394,           0.9893940,        -953.8124300,
  9395,           0.9893950,        -953.7782000,
  9396,           0.9893960,        -953.7473000,
  9397,           0.9893970,        -953.7144100,
  9398,           0.9893980,        -953.6812000,
  9399,           0.9893990,        -953.6484000,
  9400,           0.9894000,        -953.6148000,
  9401,           0.9894010,        -953.5829000,
  9402,           0.9894020,        -953.5503000,
  9403,           0.9894030,        -953.5175100,
  9404,           0.9894040,        -953.4834000,
  9405,           0.9894050,        -953.4529400,
  9406,           0.9894060,        -953.4202200,
  9407,           0.9894070,        -953.3865000,
  9408,           0.9894080,        -953.3543000,
  9409,           0.9894090,        -953.3200000,
  9410,           0.9894100,        -953.2888000,
  9411,           0.9894110,        -953.2562200,
  9412,           0.9894120,        -953.2226000,
  9413,           0.9894130,        -953.1905000,
  9414,           0.9894140,        -953.1584400,
  9415,           0.9894150,        -953.1243200,
  9416,           0.9894160,        -953.0921000,
  9417,           0.9894170,        -953.0585300,
  9418,           0.9894180,        -953.0251000,
  9419,           0.9894190,        -952.9946000,
  9420,           0.9894200,        -952.9605100,
  9421,           0.9894210,        -952.9271000,
  9422,           0.9894220,        -952.8946000,
  9423,           0.9894230,        -952.8637000,
  9424,           0.9894240,        -952.8297100,
  9425,           0.9894250,        -952.7966000,
  9426,           0.9894260,        -952.7632000,
  9427,           0.9894270,        -952.7319000,
  9428,           0.9894280,        -952.6991000,
  9429,           0.9894290,        -952.6661300,
  9430,           0.9894300,        -952.6335000,
  9431,           0.9894310,        -952.6001000,
  9432,           0.9894320,        -952.5687000,
  9433,           0.9894330,        -952.5357000,
  9434,           0.9894340,        -952.5026000,
  9435,           0.9894350,        -952.4679000,
  9436,           0.9894360,        -952.4380400,
  9437,           0.9894370,        -952.4045400,
  9438,           0.9894380,        -952.3706000,
  9439,           0.9894390,        -952.3387000,
  9440,           0.9894400,        -952.3045000,
  9441,           0.9894410,        -952.2734000,
  9442,           0.9894420,        -952.2405000,
  9443,           0.9894430,        -952.2066000,
  9444,           0.9894440,        -952.1749200,
  9445,           0.9894450,        -952.1430000,
  9446,           0.9894460,        -952.1099200,
  9447,           0.9894470,        -952.0771400,
  9448,           0.9894480,        -952.0432100,
  9449,           0.9894490,        -952.0103100,
  9450,           0.9894500,        -951.9798000,
  9451,           0.9894510,        -951.9467000,
  9452,           0.9894520,        -951.9129000,
  9453,           0.9894530,        -951.8800000,
  9454,           0.9894540,        -951.8493000,
  9455,           0.9894550,        -951.8152400,
  9456,           0.9894560,        -951.7825000,
  9457,           0.9894570,        -951.7491000,
  9458,           0.9894580,        -951.7148000,
  9459,           0.9894590,        -951.6848000,
  9460,           0.9894600,        -951.6509000,
  9461,           0.9894610,        -951.6193200,
  9462,           0.9894620,        -951.5853000,
  9463,           0.9894630,        -951.5535000,
  9464,           0.9894640,        -951.5210000,
  9465,           0.9894650,        -951.4877300,
  9466,           0.9894660,        -951.4540000,
  9467,           0.9894670,        -951.4218000,
  9468,           0.9894680,        -951.3900000,
  9469,           0.9894690,        -951.3568100,
  9470,           0.9894700,        -951.3241000,
  9471,           0.9894710,        -951.2907100,
  9472,           0.9894720,        -951.2592100,
  9473,           0.9894730,        -951.2266200,
  9474,           0.9894740,        -951.1941000,
  9475,           0.9894750,        -951.1597000,
  9476,           0.9894760,        -951.1270000,
  9477,           0.9894770,        -951.0957000,
  9478,           0.9894780,        -951.0632300,
  9479,           0.9894790,        -951.0300200,
  9480,           0.9894800,        -950.9960300,
  9481,           0.9894810,        -950.9655100,
  9482,           0.9894820,        -950.9325000,
  9483,           0.9894830,        -950.8982000,
  9484,           0.9894840,        -950.8666300,
  9485,           0.9894850,        -950.8328000,
  9486,           0.9894860,        -950.8008400,
  9487,           0.9894870,        -950.7685000,
  9488,           0.9894880,        -950.7350000,
  9489,           0.9894890,        -950.7019000,
  9490,           0.9894900,        -950.6715000,
  9491,           0.9894910,        -950.6375000,
  9492,           0.9894920,        -950.6047300,
  9493,           0.9894930,        -950.5718300,
  9494,           0.9894940,        -950.5379000,
  9495,           0.9894950,        -950.5080000,
  9496,           0.9894960,        -950.4742000,
  9497,           0.9894970,        -950.4406000,
  9498,           0.9894980,        -950.4081400,
  9499,           0.9894990,        -950.3765000,
  9500,           0.9895000,        -950.3430100,
  9501,           0.9895010,        -950.3107200,
  9502,           0.9895020,        -950.2773000,
  9503,           0.9895030,        -950.2435300,
  9504,           0.9895040,        -950.2131300,
  9505,           0.9895050,        -950.1800000,
  9506,           0.9895060,        -950.1465000,
  9507,           0.9895070,        -950.1137000,
  9508,           0.9895080,        -950.0818400,
  9509,           0.9895090,        -950.0485000,
  9510,           0.9895100,        -950.0166000,
  9511,           0.9895110,        -949.9833000,
  9512,           0.9895120,        -949.9502000,
  9513,           0.9895130,        -949.9191200,
  9514,           0.9895140,        -949.8854300,
  9515,           0.9895150,        -949.8533300,
  9516,           0.9895160,        -949.8199000,
  9517,           0.9895170,        -949.7877100,
  9518,           0.9895180,        -949.7554000,
  9519,           0.9895190,        -949.7221000,
  9520,           0.9895200,        -949.6879200,
  9521,           0.9895210,        -949.6561000,
  9522,           0.9895220,        -949.6248000,
  9523,           0.9895230,        -949.5911200,
  9524,           0.9895240,        -949.5584100,
  9525,           0.9895250,        -949.5251000,
  9526,           0.9895260,        -949.4938000,
  9527,           0.9895270,        -949.4612000,
  9528,           0.9895280,        -949.4280000,
  9529,           0.9895290,        -949.3958100,
  9530,           0.9895300,        -949.3618000,
  9531,           0.9895310,        -949.3306000,
  9532,           0.9895320,        -949.2979100,
  9533,           0.9895330,        -949.2646400,
  9534,           0.9895340,        -949.2313200,
  9535,           0.9895350,        -949.2007000,
  9536,           0.9895360,        -949.1677200,
  9537,           0.9895370,        -949.1335000,
  9538,           0.9895380,        -949.1004000,
  9539,           0.9895390,        -949.0673200,
  9540,           0.9895400,        -949.0357000,
  9541,           0.9895410,        -949.0031100,
  9542,           0.9895420,        -948.9703300,
  9543,           0.9895430,        -948.9360300,
  9544,           0.9895440,        -948.9069000,
  9545,           0.9895450,        -948.8730000,
  9546,           0.9895460,        -948.8389200,
  9547,           0.9895470,        -948.8071200,
  9548,           0.9895480,        -948.7736200,
  9549,           0.9895490,        -948.7439000,
  9550,           0.9895500,        -948.7101400,
  9551,           0.9895510,        -948.6758400,
  9552,           0.9895520,        -948.6441000,
  9553,           0.9895530,        -948.6125000,
  9554,           0.9895540,        -948.5785000,
  9555,           0.9895550,        -948.5467000,
  9556,           0.9895560,        -948.5130000,
  9557,           0.9895570,        -948.4797300,
  9558,           0.9895580,        -948.4490000,
  9559,           0.9895590,        -948.4151000,
  9560,           0.9895600,        -948.3820100,
  9561,           0.9895610,        -948.3500000,
  9562,           0.9895620,        -948.3178100,
  9563,           0.9895630,        -948.2850000,
  9564,           0.9895640,        -948.2527000,
  9565,           0.9895650,        -948.2192300,
  9566,           0.9895660,        -948.1866400,
  9567,           0.9895670,        -948.1550000,
  9568,           0.9895680,        -948.1218200,
  9569,           0.9895690,        -948.0893000,
  9570,           0.9895700,        -948.0561000,
  9571,           0.9895710,        -948.0251000,
  9572,           0.9895720,        -947.9921000,
  9573,           0.9895730,        -947.9589200,
  9574,           0.9895740,        -947.9252300,
  9575,           0.9895750,        -947.8923000,
  9576,           0.9895760,        -947.8616000,
  9577,           0.9895770,        -947.8277000,
  9578,           0.9895780,        -947.7961000,
  9579,           0.9895790,        -947.7619000,
  9580,           0.9895800,        -947.7302000,
  9581,           0.9895810,        -947.6981200,
  9582,           0.9895820,        -947.6649000,
  9583,           0.9895830,        -947.6306100,
  9584,           0.9895840,        -947.5989000,
  9585,           0.9895850,        -947.5674400,
  9586,           0.9895860,        -947.5341000,
  9587,           0.9895870,        -947.5015200,
  9588,           0.9895880,        -947.4680100,
  9589,           0.9895890,        -947.4383000,
  9590,           0.9895900,        -947.4049000,
  9591,           0.9895910,        -947.3710300,
  9592,           0.9895920,        -947.3391100,
  9593,           0.9895930,        -947.3056000,
  9594,           0.9895940,        -947.2744000,
  9595,           0.9895950,        -947.2418000,
  9596,           0.9895960,        -947.2079400,
  9597,           0.9895970,        -947.1750400,
  9598,           0.9895980,        -947.1447000,
  9599,           0.9895990,        -947.1101000,
  9600,           0.9896000,        -947.0773000,
  9601,           0.9896010,        -947.0452000,
  9602,           0.9896020,        -947.0117000,
  9603,           0.9896030,        -946.9802000,
  9604,           0.9896040,        -946.9472000,
  9605,           0.9896050,        -946.9144000,
  9606,           0.9896060,        -946.8805000,
  9607,           0.9896070,        -946.8503400,
  9608,           0.9896080,        -946.8172000,
  9609,           0.9896090,        -946.7851000,
  9610,           0.9896100,        -946.7518300,
  9611,           0.9896110,        -946.7180100,
  9612,           0.9896120,        -946.6873000,
  9613,           0.9896130,        -946.6543000,
  9614,           0.9896140,        -946.6205000,
  9615,           0.9896150,        -946.5884300,
  9616,           0.9896160,        -946.5576000,
  9617,           0.9896170,        -946.5233000,
  9618,           0.9896180,        -946.4915100,
  9619,           0.9896190,        -946.4581000,
  9620,           0.9896200,        -946.4256000,
  9621,           0.9896210,        -946.3939000,
  9622,           0.9896220,        -946.3600400,
  9623,           0.9896230,        -946.3264000,
  9624,           0.9896240,        -946.2945000,
  9625,           0.9896250,        -946.2631200,
  9626,           0.9896260,        -946.2292400,
  9627,           0.9896270,        -946.1974000,
  9628,           0.9896280,        -946.1641000,
  9629,           0.9896290,        -946.1331100,
  9630,           0.9896300,        -946.1003400,
  9631,           0.9896310,        -946.0671300,
  9632,           0.9896320,        -946.0352000,
  9633,           0.9896330,        -946.0010300,
  9634,           0.9896340,        -945.9694000,
  9635,           0.9896350,        -945.9380400,
  9636,           0.9896360,        -945.9041000,
  9637,           0.9896370,        -945.8713000,
  9638,           0.9896380,        -945.8409000,
  9639,           0.9896390,        -945.8074000,
  9640,           0.9896400,        -945.7735000,
  9641,           0.9896410,        -945.7413300,
  9642,           0.9896420,        -945.7069000,
  9643,           0.9896430,        -945.6761000,
  9644,           0.9896440,        -945.6434300,
  9645,           0.9896450,        -945.6110000,
  9646,           0.9896460,        -945.5770000,
  9647,           0.9896470,        -945.5468100,
  9648,           0.9896480,        -945.5139000,
  9649,           0.9896490,        -945.4800400,
  9650,           0.9896500,        -945.4476000,
  9651,           0.9896510,        -945.4149000,
  9652,           0.9896520,        -945.3831100,
  9653,           0.9896530,        -945.3506000,
  9654,           0.9896540,        -945.3177000,
  9655,           0.9896550,        -945.2852000,
  9656,           0.9896560,        -945.2542000,
  9657,           0.9896570,        -945.2200300,
  9658,           0.9896580,        -945.1883000,
  9659,           0.9896590,        -945.1551000,
  9660,           0.9896600,        -945.1212100,
  9661,           0.9896610,        -945.0906300,
  9662,           0.9896620,        -945.0574300,
  9663,           0.9896630,        -945.0235000,
  9664,           0.9896640,        -944.9916000,
  9665,           0.9896650,        -944.9602000,
  9666,           0.9896660,        -944.9265100,
  9667,           0.9896670,        -944.8951000,
  9668,           0.9896680,        -944.8614000,
  9669,           0.9896690,        -944.8276000,
  9670,           0.9896700,        -944.7979100,
  9671,           0.9896710,        -944.7643400,
  9672,           0.9896720,        -944.7310100,
  9673,           0.9896730,        -944.6989100,
  9674,           0.9896740,        -944.6675400,
  9675,           0.9896750,        -944.6336000,
  9676,           0.9896760,        -944.6019000,
  9677,           0.9896770,        -944.5684200,
  9678,           0.9896780,        -944.5366200,
  9679,           0.9896790,        -944.5048200,
  9680,           0.9896800,        -944.4712000,
  9681,           0.9896810,        -944.4386000,
  9682,           0.9896820,        -944.4055100,
  9683,           0.9896830,        -944.3735000,
  9684,           0.9896840,        -944.3419100,
  9685,           0.9896850,        -937.0511400,
  9686,           0.9896860,        -937.0182400,
  9687,           0.9896870,        -936.9857100,
  9688,           0.9896880,        -936.9539000,
  9689,           0.9896890,        -936.9210200,
  9690,           0.9896900,        -936.8887000,
  9691,           0.9896910,        -936.8550000,
  9692,           0.9896920,        -936.8242000,
  9693,           0.9896930,        -936.7916200,
  9694,           0.9896940,        -936.7579300,
  9695,           0.9896950,        -936.7253000,
  9696,           0.9896960,        -936.6923200,
  9697,           0.9896970,        -936.6608200,
  9698,           0.9896980,        -936.6274400,
  9699,           0.9896990,        -936.5955000,
  9700,           0.9897000,        -936.5621000,
  9701,           0.9897010,        -936.5296000,
  9702,           0.9897020,        -936.4972000,
  9703,           0.9897030,        -936.4639200,
  9704,           0.9897040,        -936.4297000,
  9705,           0.9897050,        -936.3974000,
  9706,           0.9897060,        -936.3665000,
  9707,           0.9897070,        -936.3340000,
  9708,           0.9897080,        -936.3005300,
  9709,           0.9897090,        -936.2672100,
  9710,           0.9897100,        -936.2366000,
  9711,           0.9897110,        -936.2038000,
  9712,           0.9897120,        -936.1701000,
  9713,           0.9897130,        -936.1379300,
  9714,           0.9897140,        -936.1050000,
  9715,           0.9897150,        -936.0731200,
  9716,           0.9897160,        -936.0406400,
  9717,           0.9897170,        -936.0077000,
  9718,           0.9897180,        -935.9741200,
  9719,           0.9897190,        -935.9435400,
  9720,           0.9897200,        -935.9102100,
  9721,           0.9897210,        -935.8770000,
  9722,           0.9897220,        -935.8439300,
  9723,           0.9897230,        -935.8101000,
  9724,           0.9897240,        -935.7788000,
  9725,           0.9897250,        -935.7468000,
  9726,           0.9897260,        -935.7130000,
  9727,           0.9897270,        -935.6791000,
  9728,           0.9897280,        -935.6494100,
  9729,           0.9897290,        -935.6159000,
  9730,           0.9897300,        -935.5823000,
  9731,           0.9897310,        -935.5501000,
  9732,           0.9897320,        -935.5168000,
  9733,           0.9897330,        -935.4850400,
  9734,           0.9897340,        -935.4537000,
  9735,           0.9897350,        -935.4197300,
  9736,           0.9897360,        -935.3875100,
  9737,           0.9897370,        -935.3564000,
  9738,           0.9897380,        -935.3228000,
  9739,           0.9897390,        -935.2911300,
  9740,           0.9897400,        -935.2574400,
  9741,           0.9897410,        -935.2239000,
  9742,           0.9897420,        -935.1927000,
  9743,           0.9897430,        -935.1591000,
  9744,           0.9897440,        -935.1255400,
  9745,           0.9897450,        -935.0938000,
  9746,           0.9897460,        -935.0618200,
  9747,           0.9897470,        -935.0284400,
  9748,           0.9897480,        -934.9965200,
  9749,           0.9897490,        -934.9630000,
  9750,           0.9897500,        -934.9299000,
  9751,           0.9897510,        -934.8993000,
  9752,           0.9897520,        -934.8660000,
  9753,           0.9897530,        -934.8329000,
  9754,           0.9897540,        -934.8004000,
  9755,           0.9897550,        -934.7685000,
  9756,           0.9897560,        -934.7360200,
  9757,           0.9897570,        -934.7034000,
  9758,           0.9897580,        -934.6697000,
  9759,           0.9897590,        -934.6367100,
  9760,           0.9897600,        -934.6066200,
  9761,           0.9897610,        -934.5729000,
  9762,           0.9897620,        -934.5386300,
  9763,           0.9897630,        -934.5067000,
  9764,           0.9897640,        -934.4750300,
  9765,           0.9897650,        -934.4418000,
  9766,           0.9897660,        -934.4096000,
  9767,           0.9897670,        -934.3760000,
  9768,           0.9897680,        -934.3440000,
  9769,           0.9897690,        -934.3126000,
  9770,           0.9897700,        -934.2793000,
  9771,           0.9897710,        -934.2468000,
  9772,           0.9897720,        -934.2133100,
  9773,           0.9897730,        -934.1823100,
  9774,           0.9897740,        -934.1497000,
  9775,           0.9897750,        -934.1164000,
  9776,           0.9897760,        -934.0833100,
  9777,           0.9897770,        -934.0510000,
  9778,           0.9897780,        -934.0191000,
  9779,           0.9897790,        -933.9863200,
  9780,           0.9897800,        -933.9542200,
  9781,           0.9897810,        -933.9198000,
  9782,           0.9897820,        -933.8889100,
  9783,           0.9897830,        -933.8559000,
  9784,           0.9897840,        -933.8224400,
  9785,           0.9897850,        -933.7893000,
  9786,           0.9897860,        -933.7571400,
  9787,           0.9897870,        -933.7253400,
  9788,           0.9897880,        -933.6926200,
  9789,           0.9897890,        -933.6601000,
  9790,           0.9897900,        -933.6267000,
  9791,           0.9897910,        -933.5952000,
  9792,           0.9897920,        -933.5629200,
  9793,           0.9897930,        -933.5301000,
  9794,           0.9897940,        -933.4963000,
  9795,           0.9897950,        -933.4639200,
  9796,           0.9897960,        -933.4335000,
  9797,           0.9897970,        -933.3997000,
  9798,           0.9897980,        -933.3677300,
  9799,           0.9897990,        -933.3345000,
  9800,           0.9898000,        -933.3030000,
  9801,           0.9898010,        -933.2700100,
  9802,           0.9898020,        -933.2369300,
  9803,           0.9898030,        -933.2042200,
  9804,           0.9898040,        -933.1707000,
  9805,           0.9898050,        -933.1396400,
  9806,           0.9898060,        -933.1072000,
  9807,           0.9898070,        -933.0735400,
  9808,           0.9898080,        -933.0406400,
  9809,           0.9898090,        -933.0101000,
  9810,           0.9898100,        -932.9769200,
  9811,           0.9898110,        -932.9437200,
  9812,           0.9898120,        -932.9113000,
  9813,           0.9898130,        -932.8782300,
  9814,           0.9898140,        -932.8467000,
  9815,           0.9898150,        -932.8146000,
  9816,           0.9898160,        -932.7818000,
  9817,           0.9898170,        -932.7480400,
  9818,           0.9898180,        -932.7177100,
  9819,           0.9898190,        -932.6852000,
  9820,           0.9898200,        -932.6504000,
  9821,           0.9898210,        -932.6179000,
  9822,           0.9898220,        -932.5873000,
  9823,           0.9898230,        -932.5532000,
  9824,           0.9898240,        -932.5211100,
  9825,           0.9898250,        -932.4883400,
  9826,           0.9898260,        -932.4546000,
  9827,           0.9898270,        -932.4240000,
  9828,           0.9898280,        -932.3915000,
  9829,           0.9898290,        -932.3578000,
  9830,           0.9898300,        -932.3254300,
  9831,           0.9898310,        -932.2941200,
  9832,           0.9898320,        -932.2607400,
  9833,           0.9898330,        -932.2288000,
  9834,           0.9898340,        -932.1954000,
  9835,           0.9898350,        -932.1619000,
  9836,           0.9898360,        -932.1315300,
  9837,           0.9898370,        -932.0983000,
  9838,           0.9898380,        -932.0649400,
  9839,           0.9898390,        -932.0334000,
  9840,           0.9898400,        -932.0014000,
  9841,           0.9898410,        -931.9675200,
  9842,           0.9898420,        -931.9356000,
  9843,           0.9898430,        -931.9020000,
  9844,           0.9898440,        -931.8696200,
  9845,           0.9898450,        -931.8387000,
  9846,           0.9898460,        -931.8052300,
  9847,           0.9898470,        -931.7731000,
  9848,           0.9898480,        -931.7402000,
  9849,           0.9898490,        -931.7086100,
  9850,           0.9898500,        -931.6764000,
  9851,           0.9898510,        -931.6431000,
  9852,           0.9898520,        -931.6096000,
  9853,           0.9898530,        -931.5773000,
  9854,           0.9898540,        -931.5465000,
  9855,           0.9898550,        -931.5128100,
  9856,           0.9898560,        -931.4803000,
  9857,           0.9898570,        -931.4476000,
  9858,           0.9898580,        -931.4161300,
  9859,           0.9898590,        -931.3837200,
  9860,           0.9898600,        -931.3502100,
  9861,           0.9898610,        -931.3170000,
  9862,           0.9898620,        -931.2846000,
  9863,           0.9898630,        -931.2536000,
  9864,           0.9898640,        -931.2196000,
  9865,           0.9898650,        -931.1873100,
  9866,           0.9898660,        -931.1542300,
  9867,           0.9898670,        -931.1234100,
  9868,           0.9898680,        -931.0908200,
  9869,           0.9898690,        -931.0580000,
  9870,           0.9898700,        -931.0242000,
  9871,           0.9898710,        -930.9923000,
  9872,           0.9898720,        -930.9610000,
  9873,           0.9898730,        -930.9278000,
  9874,           0.9898740,        -930.8950100,
  9875,           0.9898750,        -930.8625000,
  9876,           0.9898760,        -930.8306200,
  9877,           0.9898770,        -930.7984000,
  9878,           0.9898780,        -930.7654400,
  9879,           0.9898790,        -930.7313200,
  9880,           0.9898800,        -930.6989100,
  9881,           0.9898810,        -930.6684000,
  9882,           0.9898820,        -930.6348000,
  9883,           0.9898830,        -930.6027000,
  9884,           0.9898840,        -930.5693300,
  9885,           0.9898850,        -930.5380000,
  9886,           0.9898860,        -930.5054000,
  9887,           0.9898870,        -930.4724100,
  9888,           0.9898880,        -930.4392000,
  9889,           0.9898890,        -930.4074000,
  9890,           0.9898900,        -930.3760300,
  9891,           0.9898910,        -930.3437400,
  9892,           0.9898920,        -930.3105000,
  9893,           0.9898930,        -930.2775200,
  9894,           0.9898940,        -930.2471000,
  9895,           0.9898950,        -930.2136200,
  9896,           0.9898960,        -930.1804100,
  9897,           0.9898970,        -930.1479400,
  9898,           0.9898980,        -930.1155300,
  9899,           0.9898990,        -930.0835000,
  9900,           0.9899000,        -930.0511000,
  9901,           0.9899010,        -930.0181200,
  9902,           0.9899020,        -929.9846000,
  9903,           0.9899030,        -929.9543400,
  9904,           0.9899040,        -929.9211400,
  9905,           0.9899050,        -929.8878000,
  9906,           0.9899060,        -929.8556000,
  9907,           0.9899070,        -929.8228100,
  9908,           0.9899080,        -929.7908000,
  9909,           0.9899090,        -929.7587200,
  9910,           0.9899100,        -929.7258000,
  9911,           0.9899110,        -929.6929000,
  9912,           0.9899120,        -929.6625000,
  9913,           0.9899130,        -929.6297000,
  9914,           0.9899140,        -929.5959400,
  9915,           0.9899150,        -929.5642000,
  9916,           0.9899160,        -929.5310000,
  9917,           0.9899170,        -929.4996300,
  9918,           0.9899180,        -929.4666100,
  9919,           0.9899190,        -929.4333400,
  9920,           0.9899200,        -929.4000000,
  9921,           0.9899210,        -929.3695000,
  9922,           0.9899220,        -929.3372100,
  9923,           0.9899230,        -929.3033400,
  9924,           0.9899240,        -929.2708000,
  9925,           0.9899250,        -929.2379000,
  9926,           0.9899260,        -929.2068000,
  9927,           0.9899270,        -929.1743000,
  9928,           0.9899280,        -929.1417000,
  9929,           0.9899290,        -929.1080300,
  9930,           0.9899300,        -929.0776300,
  9931,           0.9899310,        -929.0449000,
  9932,           0.9899320,        -929.0113000,
  9933,           0.9899330,        -928.9793000,
  9934,           0.9899340,        -928.9467100,
  9935,           0.9899350,        -928.9150300,
  9936,           0.9899360,        -928.8826000,
  9937,           0.9899370,        -928.8499000,
  9938,           0.9899380,        -928.8161000,
  9939,           0.9899390,        -928.7855200,
  9940,           0.9899400,        -928.7520100,
  9941,           0.9899410,        -928.7192300,
  9942,           0.9899420,        -928.6870000,
  9943,           0.9899430,        -928.6539300,
  9944,           0.9899440,        -928.6222000,
  9945,           0.9899450,        -928.5898000,
  9946,           0.9899460,        -928.5566400,
  9947,           0.9899470,        -928.5237000,
  9948,           0.9899480,        -928.4938300,
  9949,           0.9899490,        -928.4601000,
  9950,           0.9899500,        -928.4272400,
  9951,           0.9899510,        -928.3951000,
  9952,           0.9899520,        -928.3616300,
  9953,           0.9899530,        -928.3312300,
  9954,           0.9899540,        -928.2990000,
  9955,           0.9899550,        -928.2654000,
  9956,           0.9899560,        -928.2327200,
  9957,           0.9899570,        -928.2019000,
  9958,           0.9899580,        -928.1682100,
  9959,           0.9899590,        -928.1357400,
  9960,           0.9899600,        -928.1033300,
  9961,           0.9899610,        -928.0700000,
  9962,           0.9899620,        -928.0388100,
  9963,           0.9899630,        -928.0067000,
  9964,           0.9899640,        -927.9730000,
  9965,           0.9899650,        -927.9415200,
  9966,           0.9899660,        -927.9100000,
  9967,           0.9899670,        -927.8765200,
  9968,           0.9899680,        -927.8448000,
  9969,           0.9899690,        -927.8111000,
  9970,           0.9899700,        -927.7779000,
  9971,           0.9899710,        -927.7482200,
  9972,           0.9899720,        -927.7153000,
  9973,           0.9899730,        -927.6816400,
  9974,           0.9899740,        -927.6499000,
  9975,           0.9899750,        -927.6187000,
  9976,           0.9899760,        -927.5847000,
  9977,           0.9899770,        -927.5529100,
  9978,           0.9899780,        -927.5195000,
  9979,           0.9899790,        -927.4863000,
  9980,           0.9899800,        -927.4571000,
  9981,           0.9899810,        -927.4232100,
  9982,           0.9899820,        -927.3897000,
  9983,           0.9899830,        -927.3584000,
  9984,           0.9899840,        -927.3267000,
  9985,           0.9899850,        -927.2928000,
  9986,           0.9899860,        -927.2614000,
  9987,           0.9899870,        -927.2281000,
  9988,           0.9899880,        -927.1945100,
  9989,           0.9899890,        -927.1645000,
  9990,           0.9899900,        -927.1314000,
  9991,           0.9899910,        -927.0981400,
  9992,           0.9899920,        -927.0659100,
  9993,           0.9899930,        -927.0352100,
  9994,           0.9899940,        -927.0020100,
  9995,           0.9899950,        -926.9695400,
  9996,           0.9899960,        -926.9365000,
  9997,           0.9899970,        -926.9028000,
  9998,           0.9899980,        -926.8727000,
  9999,           0.9899990,        -926.8401000,
 10000,           0.9900000,        -926.8065100,
 10001,           0.9900010,        -926.7747000,
 10002,           0.9900020,        -926.7438000,
 10003,           0.9900030,        -926.7102000,
 10004,           0.9900040,        -926.6780000,
 10005,           0.9900050,        -926.6447100,
 10006,           0.9900060,        -926.6113000,
 10007,           0.9900070,        -926.5811000,
 10008,           0.9900080,        -926.5484000,
 10009,           0.9900090,        -926.5150100,
 10010,           0.9900100,        -926.4828000,
 10011,           0.9900110,        -926.4523300,
 10012,           0.9900120,        -926.4188200,
 10013,           0.9900130,        -926.3868000,
 10014,           0.9900140,        -926.3536300,
 10015,           0.9900150,        -926.3218000,
 10016,           0.9900160,        -926.2900000,
 10017,           0.9900170,        -926.2575000,
 10018,           0.9900180,        -926.2238100,
 10019,           0.9900190,        -926.1917100,
 10020,           0.9900200,        -926.1603300,
 10021,           0.9900210,        -926.1273100,
 10022,           0.9900220,        -926.0953300,
 10023,           0.9900230,        -926.0617000,
 10024,           0.9900240,        -926.0309000,
 10025,           0.9900250,        -925.9985000,
 10026,           0.9900260,        -925.9653000,
 10027,           0.9900270,        -925.9324300,
 10028,           0.9900280,        -925.9001400,
 10029,           0.9900290,        -925.8687000,
 10030,           0.9900300,        -925.8359300,
 10031,           0.9900310,        -925.8036000,
 10032,           0.9900320,        -925.7706200,
 10033,           0.9900330,        -925.7396000,
 10034,           0.9900340,        -925.7076000,
 10035,           0.9900350,        -925.6738200,
 10036,           0.9900360,        -925.6407000,
 10037,           0.9900370,        -925.6091000,
 10038,           0.9900380,        -925.5776300,
 10039,           0.9900390,        -925.5455000,
 10040,           0.9900400,        -925.5130000,
 10041,           0.9900410,        -925.4797300,
 10042,           0.9900420,        -925.4478000,
 10043,           0.9900430,        -925.4167400,
 10044,           0.9900440,        -925.3834200,
 10045,           0.9900450,        -925.3495000,
 10046,           0.9900460,        -925.3181100,
 10047,           0.9900470,        -925.2864000,
 10048,           0.9900480,        -925.2532000,
 10049,           0.9900490,        -925.2213100,
 10050,           0.9900500,        -925.1882300,
 10051,           0.9900510,        -925.1568000,
 10052,           0.9900520,        -925.1251200,
 10053,           0.9900530,        -925.0920400,
 10054,           0.9900540,        -925.0582000,
 10055,           0.9900550,        -925.0268000,
 10056,           0.9900560,        -924.9953000,
 10057,           0.9900570,        -924.9618000,
 10058,           0.9900580,        -924.9307000,
 10059,           0.9900590,        -924.8970300,
 10060,           0.9900600,        -924.8657200,
 10061,           0.9900610,        -924.8336000,
 10062,           0.9900620,        -924.8013000,
 10063,           0.9900630,        -924.7683100,
 10064,           0.9900640,        -924.7355000,
 10065,           0.9900650,        -924.7048300,
 10066,           0.9900660,        -924.6710000,
 10067,           0.9900670,        -924.6390300,
 10068,           0.9900680,        -924.6062000,
 10069,           0.9900690,        -924.5750000,
 10070,           0.9900700,        -924.5429000,
 10071,           0.9900710,        -924.5101300,
 10072,           0.9900720,        -924.4769200,
 10073,           0.9900730,        -924.4450000,
 10074,           0.9900740,        -924.4138000,
 10075,           0.9900750,        -924.3802000,
 10076,           0.9900760,        -924.3480200,
 10077,           0.9900770,        -924.3145000,
 10078,           0.9900780,        -924.2838000,
 10079,           0.9900790,        -924.2517000,
 10080,           0.9900800,        -924.2183200,
 10081,           0.9900810,        -924.1857200,
 10082,           0.9900820,        -924.1539300,
 10083,           0.9900830,        -924.1227000,
 10084,           0.9900840,        -924.0898400,
 10085,           0.9900850,        -924.0576000,
 10086,           0.9900860,        -924.0242300,
 10087,           0.9900870,        -923.9935000,
 10088,           0.9900880,        -923.9615400,
 10089,           0.9900890,        -923.9280000,
 10090,           0.9900900,        -923.8951400,
 10091,           0.9900910,        -923.8628000,
 10092,           0.9900920,        -923.8317000,
 10093,           0.9900930,        -923.7980000,
 10094,           0.9900940,        -923.7668000,
 10095,           0.9900950,        -923.7332000,
 10096,           0.9900960,        -923.7019000,
 10097,           0.9900970,        -923.6706000,
 10098,           0.9900980,        -923.6371000,
 10099,           0.9900990,        -923.6037000,
 10100,           0.9901000,        -923.5723000,
 10101,           0.9901010,        -923.5410100,
 10102,           0.9901020,        -923.5075000,
 10103,           0.9901030,        -923.4761300,
 10104,           0.9901040,        -923.4430000,
 10105,           0.9901050,        -923.4113100,
 10106,           0.9901060,        -923.3795100,
 10107,           0.9901070,        -923.3468000,
 10108,           0.9901080,        -923.3135300,
 10109,           0.9901090,        -923.2812400,
 10110,           0.9901100,        -923.2505000,
 10111,           0.9901110,        -923.2173000,
 10112,           0.9901120,        -923.1845000,
 10113,           0.9901130,        -923.1521000,
 10114,           0.9901140,        -923.1207000,
 10115,           0.9901150,        -923.0886000,
 10116,           0.9901160,        -923.0558000,
 10117,           0.9901170,        -923.0227000,
 10118,           0.9901180,        -922.9908400,
 10119,           0.9901190,        -922.9592200,
 10120,           0.9901200,        -922.9268000,
 10121,           0.9901210,        -922.8945000,
 10122,           0.9901220,        -922.8612000,
 10123,           0.9901230,        -922.8304400,
 10124,           0.9901240,        -922.7987000,
 10125,           0.9901250,        -922.7650100,
 10126,           0.9901260,        -922.7323000,
 10127,           0.9901270,        -922.7003100,
 10128,           0.9901280,        -922.6691200,
 10129,           0.9901290,        -922.6364000,
 10130,           0.9901300,        -922.6042000,
 10131,           0.9901310,        -922.5714100,
 10132,           0.9901320,        -922.5392000,
 10133,           0.9901330,        -922.5077000,
 10134,           0.9901340,        -922.4749000,
 10135,           0.9901350,        -922.4411000,
 10136,           0.9901360,        -922.4102000,
 10137,           0.9901370,        -922.3786000,
 10138,           0.9901380,        -922.3449000,
 10139,           0.9901390,        -922.3137000,
 10140,           0.9901400,        -922.2805000,
 10141,           0.9901410,        -922.2491400,
 10142,           0.9901420,        -922.2172200,
 10143,           0.9901430,        -922.1845000,
 10144,           0.9901440,        -922.1513000,
 10145,           0.9901450,        -922.1190000,
 10146,           0.9901460,        -922.0883100,
 10147,           0.9901470,        -922.0555400,
 10148,           0.9901480,        -922.0236200,
 10149,           0.9901490,        -921.9904000,
 10150,           0.9901500,        -921.9594100,
 10151,           0.9901510,        -921.9271000,
 10152,           0.9901520,        -921.8943000,
 10153,           0.9901530,        -921.8610200,
 10154,           0.9901540,        -921.8290000,
 10155,           0.9901550,        -921.7980000,
 10156,           0.9901560,        -921.7647000,
 10157,           0.9901570,        -921.7328000,
 10158,           0.9901580,        -921.6994000,
 10159,           0.9901590,        -921.6688200,
 10160,           0.9901600,        -921.6368400,
 10161,           0.9901610,        -921.6038000,
 10162,           0.9901620,        -921.5707000,
 10163,           0.9901630,        -921.5391200,
 10164,           0.9901640,        -921.5080000,
 10165,           0.9901650,        -921.4749000,
 10166,           0.9901660,        -921.4429000,
 10167,           0.9901670,        -921.4100300,
 10168,           0.9901680,        -921.3788000,
 10169,           0.9901690,        -921.3475000,
 10170,           0.9901700,        -921.3137200,
 10171,           0.9901710,        -921.2801000,
 10172,           0.9901720,        -921.2488400,
 10173,           0.9901730,        -921.2178300,
 10174,           0.9901740,        -921.1846000,
 10175,           0.9901750,        -921.1512000,
 10176,           0.9901760,        -921.1193000,
 10177,           0.9901770,        -921.0881300,
 10178,           0.9901780,        -921.0551000,
 10179,           0.9901790,        -921.0236000,
 10180,           0.9901800,        -920.9902000,
 10181,           0.9901810,        -920.9566000,
 10182,           0.9901820,        -920.9271200,
 10183,           0.9901830,        -920.8945300,
 10184,           0.9901840,        -920.8612000,
 10185,           0.9901850,        -920.8293000,
 10186,           0.9901860,        -920.7984000,
 10187,           0.9901870,        -920.7652000,
 10188,           0.9901880,        -920.7334000,
 10189,           0.9901890,        -920.7007400,
 10190,           0.9901900,        -920.6669000,
 10191,           0.9901910,        -920.6371400,
 10192,           0.9901920,        -920.6039400,
 10193,           0.9901930,        -920.5712000,
 10194,           0.9901940,        -920.5394200,
 10195,           0.9901950,        -920.5081000,
 10196,           0.9901960,        -920.4753000,
 10197,           0.9901970,        -920.4433000,
 10198,           0.9901980,        -920.4102000,
 10199,           0.9901990,        -920.3773000,
 10200,           0.9902000,        -920.3477000,
 10201,           0.9902010,        -920.3145000,
 10202,           0.9902020,        -920.2811200,
 10203,           0.9902030,        -920.2496300,
 10204,           0.9902040,        -920.2186000,
 10205,           0.9902050,        -920.1851000,
 10206,           0.9902060,        -920.1537400,
 10207,           0.9902070,        -920.1205000,
 10208,           0.9902080,        -920.0870300,
 10209,           0.9902090,        -920.0568000,
 10210,           0.9902100,        -920.0244100,
 10211,           0.9902110,        -919.9910200,
 10212,           0.9902120,        -919.9591000,
 10213,           0.9902130,        -919.9284000,
 10214,           0.9902140,        -919.8952000,
 10215,           0.9902150,        -919.8636000,
 10216,           0.9902160,        -919.8311000,
 10217,           0.9902170,        -919.7997000,
 10218,           0.9902180,        -919.7676300,
 10219,           0.9902190,        -919.7350400,
 10220,           0.9902200,        -919.7021400,
 10221,           0.9902210,        -919.6702000,
 10222,           0.9902220,        -919.6386100,
 10223,           0.9902230,        -919.6064000,
 10224,           0.9902240,        -919.5743400,
 10225,           0.9902250,        -919.5406000,
 10226,           0.9902260,        -919.5095000,
 10227,           0.9902270,        -919.4786300,
 10228,           0.9902280,        -919.4446400,
 10229,           0.9902290,        -919.4115000,
 10230,           0.9902300,        -919.3802000,
 10231,           0.9902310,        -919.3489000,
 10232,           0.9902320,        -919.3158000,
 10233,           0.9902330,        -919.2848000,
 10234,           0.9902340,        -919.2510000,
 10235,           0.9902350,        -919.2203000,
 10236,           0.9902360,        -919.1882300,
 10237,           0.9902370,        -919.1559000,
 10238,           0.9902380,        -919.1225000,
 10239,           0.9902390,        -919.0905100,
 10240,           0.9902400,        -919.0598100,
 10241,           0.9902410,        -919.0266000,
 10242,           0.9902420,        -918.9934000,
 10243,           0.9902430,        -918.9612000,
 10244,           0.9902440,        -918.9310300,
 10245,           0.9902450,        -918.8976000,
 10246,           0.9902460,        -918.8659000,
 10247,           0.9902470,        -918.8329400,
 10248,           0.9902480,        -918.7993000,
 10249,           0.9902490,        -918.7695000,
 10250,           0.9902500,        -918.7371000,
 10251,           0.9902510,        -918.7039100,
 10252,           0.9902520,        -918.6719000,
 10253,           0.9902530,        -918.6410000,
 10254,           0.9902540,        -918.6083300,
 10255,           0.9902550,        -918.5765300,
 10256,           0.9902560,        -918.5429000,
 10257,           0.9902570,        -918.5104300,
 10258,           0.9902580,        -918.4804000,
 10259,           0.9902590,        -918.4474000,
 10260,           0.9902600,        -918.4143000,
 10261,           0.9902610,        -918.3831000,
 10262,           0.9902620,        -918.3517400,
 10263,           0.9902630,        -918.3189000,
 10264,           0.9902640,        -918.2875300,
 10265,           0.9902650,        -918.2538400,
 10266,           0.9902660,        -918.2205200,
 10267,           0.9902670,        -918.1906000,
 10268,           0.9902680,        -918.1580000,
 10269,           0.9902690,        -918.1248100,
 10270,           0.9902700,        -918.0928000,
 10271,           0.9902710,        -918.0626200,
 10272,           0.9902720,        -918.0291000,
 10273,           0.9902730,        -917.9974000,
 10274,           0.9902740,        -917.9637400,
 10275,           0.9902750,        -917.9316400,
 10276,           0.9902760,        -917.9018000,
 10277,           0.9902770,        -917.8687100,
 10278,           0.9902780,        -917.8363000,
 10279,           0.9902790,        -917.8043200,
 10280,           0.9902800,        -917.7732000,
 10281,           0.9902810,        -917.7398000,
 10282,           0.9902820,        -917.7087400,
 10283,           0.9902830,        -917.6750400,
 10284,           0.9902840,        -917.6421000,
 10285,           0.9902850,        -917.6129000,
 10286,           0.9902860,        -917.5790400,
 10287,           0.9902870,        -917.5463000,
 10288,           0.9902880,        -917.5140300,
 10289,           0.9902890,        -917.4839400,
 10290,           0.9902900,        -917.4506200,
 10291,           0.9902910,        -917.4186400,
 10292,           0.9902920,        -917.3861000,
 10293,           0.9902930,        -917.3534000,
 10294,           0.9902940,        -917.3222000,
 10295,           0.9902950,        -917.2903400,
 10296,           0.9902960,        -917.2578100,
 10297,           0.9902970,        -909.9204100,
 10298,           0.9902980,        -909.8905000,
 10299,           0.9902990,        -909.8581000,
 10300,           0.9903000,        -909.8244000,
 10301,           0.9903010,        -909.7930000,
 10302,           0.9903020,        -909.7594000,
 10303,           0.9903030,        -909.7291000,
 10304,           0.9903040,        -909.6970000,
 10305,           0.9903050,        -909.6630200,
 10306,           0.9903060,        -909.6305000,
 10307,           0.9903070,        -909.6010000,
 10308,           0.9903080,        -909.5670100,
 10309,           0.9903090,        -909.5342000,
 10310,           0.9903100,        -909.5032300,
 10311,           0.9903110,        -909.4695000,
 10312,           0.9903120,        -909.4384100,
 10313,           0.9903130,        -909.4068000,
 10314,           0.9903140,        -909.3740200,
 10315,           0.9903150,        -909.3407000,
 10316,           0.9903160,        -909.3100000,
 10317,           0.9903170,        -909.2776400,
 10318,           0.9903180,        -909.2448100,
 10319,           0.9903190,        -909.2129000,
 10320,           0.9903200,        -909.1796000,
 10321,           0.9903210,        -909.1486000,
 10322,           0.9903220,        -909.1167000,
 10323,           0.9903230,        -909.0836100,
 10324,           0.9903240,        -909.0513300,
 10325,           0.9903250,        -909.0206000,
 10326,           0.9903260,        -908.9872400,
 10327,           0.9903270,        -908.9540000,
 10328,           0.9903280,        -908.9230300,
 10329,           0.9903290,        -908.8896000,
 10330,           0.9903300,        -908.8588000,
 10331,           0.9903310,        -908.8275100,
 10332,           0.9903320,        -908.7944300,
 10333,           0.9903330,        -908.7612000,
 10334,           0.9903340,        -908.7291200,
 10335,           0.9903350,        -908.6979000,
 10336,           0.9903360,        -908.6648000,
 10337,           0.9903370,        -908.6313000,
 10338,           0.9903380,        -908.6004000,
 10339,           0.9903390,        -908.5695000,
 10340,           0.9903400,        -908.5361000,
 10341,           0.9903410,        -908.5043300,
 10342,           0.9903420,        -908.4717000,
 10343,           0.9903430,        -908.4408000,
 10344,           0.9903440,        -908.4084000,
 10345,           0.9903450,        -908.3749000,
 10346,           0.9903460,        -908.3425000,
 10347,           0.9903470,        -908.3105000,
 10348,           0.9903480,        -908.2791100,
 10349,           0.9903490,        -908.2466000,
 10350,           0.9903500,        -908.2146000,
 10351,           0.9903510,        -908.1817000,
 10352,           0.9903520,        -908.1498000,
 10353,           0.9903530,        -908.1185000,
 10354,           0.9903540,        -908.0852000,
 10355,           0.9903550,        -908.0521200,
 10356,           0.9903560,        -908.0203000,
 10357,           0.9903570,        -907.9901000,
 10358,           0.9903580,        -907.9567000,
 10359,           0.9903590,        -907.9250400,
 10360,           0.9903600,        -907.8925100,
 10361,           0.9903610,        -907.8610200,
 10362,           0.9903620,        -907.8293000,
 10363,           0.9903630,        -907.7962000,
 10364,           0.9903640,        -907.7632000,
 10365,           0.9903650,        -907.7313200,
 10366,           0.9903660,        -907.7003100,
 10367,           0.9903670,        -907.6667400,
 10368,           0.9903680,        -907.6343000,
 10369,           0.9903690,        -907.6028000,
 10370,           0.9903700,        -907.5705000,
 10371,           0.9903710,        -907.5385000,
 10372,           0.9903720,        -907.5063400,
 10373,           0.9903730,        -907.4734000,
 10374,           0.9903740,        -907.4401200,
 10375,           0.9903750,        -907.4108200,
 10376,           0.9903760,        -907.3776000,
 10377,           0.9903770,        -907.3447200,
 10378,           0.9903780,        -907.3136000,
 10379,           0.9903790,        -907.2824000,
 10380,           0.9903800,        -907.2492000,
 10381,           0.9903810,        -907.2175000,
 10382,           0.9903820,        -907.1848000,
 10383,           0.9903830,        -907.1514000,
 10384,           0.9903840,        -907.1216000,
 10385,           0.9903850,        -907.0883000,
 10386,           0.9903860,        -907.0557200,
 10387,           0.9903870,        -907.0240000,
 10388,           0.9903880,        -906.9925000,
 10389,           0.9903890,        -906.9591000,
 10390,           0.9903900,        -906.9275000,
 10391,           0.9903910,        -906.8947000,
 10392,           0.9903920,        -906.8619000,
 10393,           0.9903930,        -906.8322100,
 10394,           0.9903940,        -906.7991300,
 10395,           0.9903950,        -906.7658000,
 10396,           0.9903960,        -906.7344000,
 10397,           0.9903970,        -906.7037300,
 10398,           0.9903980,        -906.6708300,
 10399,           0.9903990,        -906.6378100,
 10400,           0.9904000,        -906.6059000,
 10401,           0.9904010,        -906.5730000,
 10402,           0.9904020,        -906.5420000,
 10403,           0.9904030,        -906.5103100,
 10404,           0.9904040,        -906.4778000,
 10405,           0.9904050,        -906.4443300,
 10406,           0.9904060,        -906.4145000,
 10407,           0.9904070,        -906.3806100,
 10408,           0.9904080,        -906.3483200,
 10409,           0.9904090,        -906.3160400,
 10410,           0.9904100,        -906.2852000,
 10411,           0.9904110,        -906.2519000,
 10412,           0.9904120,        -906.2208000,
 10413,           0.9904130,        -906.1876200,
 10414,           0.9904140,        -906.1548000,
 10415,           0.9904150,        -906.1251200,
 10416,           0.9904160,        -906.0926000,
 10417,           0.9904170,        -906.0594000,
 10418,           0.9904180,        -906.0278000,
 10419,           0.9904190,        -905.9968000,
 10420,           0.9904200,        -905.9642000,
 10421,           0.9904210,        -905.9319400,
 10422,           0.9904220,        -905.8989000,
 10423,           0.9904230,        -905.8666000,
 10424,           0.9904240,        -905.8365400,
 10425,           0.9904250,        -905.8027300,
 10426,           0.9904260,        -905.7694000,
 10427,           0.9904270,        -905.7391000,
 10428,           0.9904280,        -905.7076000,
 10429,           0.9904290,        -905.6746200,
 10430,           0.9904300,        -905.6420000,
 10431,           0.9904310,        -905.6100000,
 10432,           0.9904320,        -905.5770200,
 10433,           0.9904330,        -905.5457000,
 10434,           0.9904340,        -905.5144000,
 10435,           0.9904350,        -905.4817000,
 10436,           0.9904360,        -905.4483000,
 10437,           0.9904370,        -905.4192000,
 10438,           0.9904380,        -905.3864000,
 10439,           0.9904390,        -905.3532100,
 10440,           0.9904400,        -905.3215000,
 10441,           0.9904410,        -905.2881400,
 10442,           0.9904420,        -905.2577000,
 10443,           0.9904430,        -905.2253400,
 10444,           0.9904440,        -905.1920100,
 10445,           0.9904450,        -905.1595000,
 10446,           0.9904460,        -905.1301000,
 10447,           0.9904470,        -905.0970000,
 10448,           0.9904480,        -905.0639000,
 10449,           0.9904490,        -905.0326000,
 10450,           0.9904500,        -904.9997000,
 10451,           0.9904510,        -904.9684000,
 10452,           0.9904520,        -904.9364000,
 10453,           0.9904530,        -904.9041000,
 10454,           0.9904540,        -904.8711000,
 10455,           0.9904550,        -904.8397200,
 10456,           0.9904560,        -904.8080400,
 10457,           0.9904570,        -904.7756300,
 10458,           0.9904580,        -904.7428000,
 10459,           0.9904590,        -904.7106000,
 10460,           0.9904600,        -904.6800000,
 10461,           0.9904610,        -904.6473300,
 10462,           0.9904620,        -904.6153000,
 10463,           0.9904630,        -904.5817000,
 10464,           0.9904640,        -904.5505300,
 10465,           0.9904650,        -904.5193400,
 10466,           0.9904660,        -904.4866300,
 10467,           0.9904670,        -904.4536000,
 10468,           0.9904680,        -904.4222000,
 10469,           0.9904690,        -904.3911100,
 10470,           0.9904700,        -904.3582100,
 10471,           0.9904710,        -904.3265300,
 10472,           0.9904720,        -904.2937000,
 10473,           0.9904730,        -904.2628100,
 10474,           0.9904740,        -904.2311400,
 10475,           0.9904750,        -904.1985000,
 10476,           0.9904760,        -904.1658000,
 10477,           0.9904770,        -904.1340000,
 10478,           0.9904780,        -904.1026000,
 10479,           0.9904790,        -904.0699400,
 10480,           0.9904800,        -904.0369200,
 10481,           0.9904810,        -904.0049400,
 10482,           0.9904820,        -903.9743000,
 10483,           0.9904830,        -903.9409000,
 10484,           0.9904840,        -903.9097000,
 10485,           0.9904850,        -903.8768300,
 10486,           0.9904860,        -903.8438000,
 10487,           0.9904870,        -903.8135300,
 10488,           0.9904880,        -903.7815000,
 10489,           0.9904890,        -903.7484100,
 10490,           0.9904900,        -903.7168000,
 10491,           0.9904910,        -903.6854200,
 10492,           0.9904920,        -903.6536000,
 10493,           0.9904930,        -903.6215200,
 10494,           0.9904940,        -903.5887400,
 10495,           0.9904950,        -903.5562100,
 10496,           0.9904960,        -903.5262400,
 10497,           0.9904970,        -903.4928000,
 10498,           0.9904980,        -903.4595000,
 10499,           0.9904990,        -903.4283000,
 10500,           0.9905000,        -903.3976400,
 10501,           0.9905010,        -903.3646000,
 10502,           0.9905020,        -903.3314200,
 10503,           0.9905030,        -903.3004000,
 10504,           0.9905040,        -903.2673000,
 10505,           0.9905050,        -903.2359000,
 10506,           0.9905060,        -903.2040400,
 10507,           0.9905070,        -903.1721000,
 10508,           0.9905080,        -903.1390000,
 10509,           0.9905090,        -903.1094000,
 10510,           0.9905100,        -903.0763000,
 10511,           0.9905110,        -903.0443100,
 10512,           0.9905120,        -903.0126000,
 10513,           0.9905130,        -902.9795000,
 10514,           0.9905140,        -902.9479000,
 10515,           0.9905150,        -902.9169300,
 10516,           0.9905160,        -902.8831000,
 10517,           0.9905170,        -902.8500300,
 10518,           0.9905180,        -902.8209200,
 10519,           0.9905190,        -902.7883300,
 10520,           0.9905200,        -902.7554000,
 10521,           0.9905210,        -902.7233200,
 10522,           0.9905220,        -902.6903000,
 10523,           0.9905230,        -902.6600300,
 10524,           0.9905240,        -902.6271000,
 10525,           0.9905250,        -902.5952100,
 10526,           0.9905260,        -902.5624300,
 10527,           0.9905270,        -902.5323000,
 10528,           0.9905280,        -902.5003000,
 10529,           0.9905290,        -902.4674000,
 10530,           0.9905300,        -902.4349000,
 10531,           0.9905310,        -902.4031000,
 10532,           0.9905320,        -902.3721300,
 10533,           0.9905330,        -902.3393000,
 10534,           0.9905340,        -902.3071200,
 10535,           0.9905350,        -902.2745000,
 10536,           0.9905360,        -902.2432000,
 10537,           0.9905370,        -902.2116000,
 10538,           0.9905380,        -902.1790000,
 10539,           0.9905390,        -902.1462000,
 10540,           0.9905400,        -902.1148000,
 10541,           0.9905410,        -902.0836100,
 10542,           0.9905420,        -902.0513300,
 10543,           0.9905430,        -902.0198300,
 10544,           0.9905440,        -901.9869300,
 10545,           0.9905450,        -901.9554400,
 10546,           0.9905460,        -901.9235000,
 10547,           0.9905470,        -901.8917200,
 10548,           0.9905480,        -901.8593000,
 10549,           0.9905490,        -901.8259200,
 10550,           0.9905500,        -901.7963200,
 10551,           0.9905510,        -901.7637300,
 10552,           0.9905520,        -901.7302000,
 10553,           0.9905530,        -901.6985400,
 10554,           0.9905540,        -901.6674100,
 10555,           0.9905550,        -901.6352000,
 10556,           0.9905560,        -901.6036000,
 10557,           0.9905570,        -901.5707300,
 10558,           0.9905580,        -901.5382000,
 10559,           0.9905590,        -901.5081000,
 10560,           0.9905600,        -901.4755000,
 10561,           0.9905610,        -901.4424400,
 10562,           0.9905620,        -901.4112000,
 10563,           0.9905630,        -901.3804000,
 10564,           0.9905640,        -901.3479000,
 10565,           0.9905650,        -901.3156000,
 10566,           0.9905660,        -901.2836300,
 10567,           0.9905670,        -901.2505000,
 10568,           0.9905680,        -901.2194200,
 10569,           0.9905690,        -901.1877400,
 10570,           0.9905700,        -901.1553000,
 10571,           0.9905710,        -901.1221300,
 10572,           0.9905720,        -901.0925000,
 10573,           0.9905730,        -901.0596000,
 10574,           0.9905740,        -901.0267000,
 10575,           0.9905750,        -900.9955400,
 10576,           0.9905760,        -900.9623400,
 10577,           0.9905770,        -900.9316000,
 10578,           0.9905780,        -900.9001400,
 10579,           0.9905790,        -900.8673000,
 10580,           0.9905800,        -900.8344100,
 10581,           0.9905810,        -900.8047400,
 10582,           0.9905820,        -900.7718000,
 10583,           0.9905830,        -900.7397400,
 10584,           0.9905840,        -900.7081000,
 10585,           0.9905850,        -900.6751000,
 10586,           0.9905860,        -900.6442000,
 10587,           0.9905870,        -900.6118100,
 10588,           0.9905880,        -900.5803000,
 10589,           0.9905890,        -900.5468000,
 10590,           0.9905900,        -900.5159000,
 10591,           0.9905910,        -900.4851000,
 10592,           0.9905920,        -900.4518000,
 10593,           0.9905930,        -900.4186000,
 10594,           0.9905940,        -900.3870200,
 10595,           0.9905950,        -900.3571000,
 10596,           0.9905960,        -900.3238000,
 10597,           0.9905970,        -900.2925400,
 10598,           0.9905980,        -900.2592100,
 10599,           0.9905990,        -900.2289400,
 10600,           0.9906000,        -900.1978100,
 10601,           0.9906010,        -900.1644200,
 10602,           0.9906020,        -900.1315000,
 10603,           0.9906030,        -900.1005200,
 10604,           0.9906040,        -900.0697000,
 10605,           0.9906050,        -900.0364000,
 10606,           0.9906060,        -900.0035400,
 10607,           0.9906070,        -899.9722000,
 10608,           0.9906080,        -899.9419000,
 10609,           0.9906090,        -899.9088100,
 10610,           0.9906100,        -899.8770000,
 10611,           0.9906110,        -899.8441100,
 10612,           0.9906120,        -899.8137200,
 10613,           0.9906130,        -899.7819200,
 10614,           0.9906140,        -899.7491000,
 10615,           0.9906150,        -899.7169100,
 10616,           0.9906160,        -899.6849000,
 10617,           0.9906170,        -899.6542300,
 10618,           0.9906180,        -899.6215000,
 10619,           0.9906190,        -899.5898000,
 10620,           0.9906200,        -899.5575000,
 10621,           0.9906210,        -899.5262400,
 10622,           0.9906220,        -899.4933400,
 10623,           0.9906230,        -899.4617300,
 10624,           0.9906240,        -899.4296200,
 10625,           0.9906250,        -899.3964000,
 10626,           0.9906260,        -899.3669400,
 10627,           0.9906270,        -899.3337400,
 10628,           0.9906280,        -899.3016300,
 10629,           0.9906290,        -899.2701000,
 10630,           0.9906300,        -899.2390100,
 10631,           0.9906310,        -899.2057400,
 10632,           0.9906320,        -899.1753000,
 10633,           0.9906330,        -899.1420000,
 10634,           0.9906340,        -899.1089000,
 10635,           0.9906350,        -899.0797000,
 10636,           0.9906360,        -899.0475400,
 10637,           0.9906370,        -899.0147000,
 10638,           0.9906380,        -898.9835000,
 10639,           0.9906390,        -898.9519000,
 10640,           0.9906400,        -898.9194000,
 10641,           0.9906410,        -898.8868000,
 10642,           0.9906420,        -898.8556000,
 10643,           0.9906430,        -898.8218300,
 10644,           0.9906440,        -898.7910100,
 10645,           0.9906450,        -898.7602000,
 10646,           0.9906460,        -898.7271100,
 10647,           0.9906470,        -898.6945000,
 10648,           0.9906480,        -898.6649100,
 10649,           0.9906490,        -898.6320100,
 10650,           0.9906500,        -898.5993000,
 10651,           0.9906510,        -898.5683000,
 10652,           0.9906520,        -898.5351000,
 10653,           0.9906530,        -898.5050000,
 10654,           0.9906540,        -898.4734400,
 10655,           0.9906550,        -898.4403000,
 10656,           0.9906560,        -898.4074000,
 10657,           0.9906570,        -898.3773100,
 10658,           0.9906580,        -898.3463000,
 10659,           0.9906590,        -898.3130000,
 10660,           0.9906600,        -898.2802100,
 10661,           0.9906610,        -898.2482200,
 10662,           0.9906620,        -898.2179000,
 10663,           0.9906630,        -898.1852000,
 10664,           0.9906640,        -898.1534000,
 10665,           0.9906650,        -898.1204200,
 10666,           0.9906660,        -898.0903000,
 10667,           0.9906670,        -898.0589000,
 10668,           0.9906680,        -898.0258000,
 10669,           0.9906690,        -897.9929000,
 10670,           0.9906700,        -897.9617300,
 10671,           0.9906710,        -897.9311000,
 10672,           0.9906720,        -897.8980100,
 10673,           0.9906730,        -897.8667000,
 10674,           0.9906740,        -897.8348000,
 10675,           0.9906750,        -897.8036000,
 10676,           0.9906760,        -897.7708100,
 10677,           0.9906770,        -897.7395000,
 10678,           0.9906780,        -897.7074000,
 10679,           0.9906790,        -897.6738000,
 10680,           0.9906800,        -897.6440400,
 10681,           0.9906810,        -897.6114000,
 10682,           0.9906820,        -897.5783000,
 10683,           0.9906830,        -897.5474200,
 10684,           0.9906840,        -897.5169000,
 10685,           0.9906850,        -897.4836400,
 10686,           0.9906860,        -897.4521400,
 10687,           0.9906870,        -897.4201000,
 10688,           0.9906880,        -897.3870200,
 10689,           0.9906890,        -897.3564400,
 10690,           0.9906900,        -897.3249000,
 10691,           0.9906910,        -897.2927000,
 10692,           0.9906920,        -897.2595000,
 10693,           0.9906930,        -897.2306000,
 10694,           0.9906940,        -897.1978100,
 10695,           0.9906950,        -897.1647300,
 10696,           0.9906960,        -897.1339100,
 10697,           0.9906970,        -897.1008300,
 10698,           0.9906980,        -897.0700000,
 10699,           0.9906990,        -897.0378400,
 10700,           0.9907000,        -897.0061000,
 10701,           0.9907010,        -896.9733000,
 10702,           0.9907020,        -896.9434000,
 10703,           0.9907030,        -896.9108200,
 10704,           0.9907040,        -896.8782000,
 10705,           0.9907050,        -896.8469200,
 10706,           0.9907060,        -896.8140000,
 10707,           0.9907070,        -896.7833200,
 10708,           0.9907080,        -896.7507300,
 10709,           0.9907090,        -896.7195400,
 10710,           0.9907100,        -896.6869000,
 10711,           0.9907110,        -896.6559400,
 10712,           0.9907120,        -896.6245100,
 10713,           0.9907130,        -896.5922200,
 10714,           0.9907140,        -896.5595000,
 10715,           0.9907150,        -896.5280000,
 10716,           0.9907160,        -896.4973000,
 10717,           0.9907170,        -896.4649000,
 10718,           0.9907180,        -896.4330400,
 10719,           0.9907190,        -896.4000200,
 10720,           0.9907200,        -896.3695000,
 10721,           0.9907210,        -896.3372000,
 10722,           0.9907220,        -896.3058400,
 10723,           0.9907230,        -896.2731000,
 10724,           0.9907240,        -896.2402000,
 10725,           0.9907250,        -896.2104000,
 10726,           0.9907260,        -896.1786400,
 10727,           0.9907270,        -896.1450100,
 10728,           0.9907280,        -896.1141000,
 10729,           0.9907290,        -896.0833100,
 10730,           0.9907300,        -896.0508000,
 10731,           0.9907310,        -896.0198000,
 10732,           0.9907320,        -895.9871000,
 10733,           0.9907330,        -895.9537300,
 10734,           0.9907340,        -895.9246000,
 10735,           0.9907350,        -895.8918000,
 10736,           0.9907360,        -895.8596100,
 10737,           0.9907370,        -895.8264000,
 10738,           0.9907380,        -895.7971100,
 10739,           0.9907390,        -895.7651000,
 10740,           0.9907400,        -895.7320000,
 10741,           0.9907410,        -895.7005000,
 10742,           0.9907420,        -895.6681000,
 10743,           0.9907430,        -895.6370000,
 10744,           0.9907440,        -895.6060100,
 10745,           0.9907450,        -895.5734000,
 10746,           0.9907460,        -895.5406000,
 10747,           0.9907470,        -895.5115000,
 10748,           0.9907480,        -895.4788200,
 10749,           0.9907490,        -895.4458000,
 10750,           0.9907500,        -895.4144200,
 10751,           0.9907510,        -895.3820100,
 10752,           0.9907520,        -895.3513100,
 10753,           0.9907530,        -895.3188000,
 10754,           0.9907540,        -895.2870000,
 10755,           0.9907550,        -895.2548000,
 10756,           0.9907560,        -895.2239000,
 10757,           0.9907570,        -895.1926000,
 10758,           0.9907580,        -895.1601000,
 10759,           0.9907590,        -895.1277000,
 10760,           0.9907600,        -895.0961000,
 10761,           0.9907610,        -895.0654200,
 10762,           0.9907620,        -895.0330200,
 10763,           0.9907630,        -895.0013400,
 10764,           0.9907640,        -894.9686200,
 10765,           0.9907650,        -894.9378000,
 10766,           0.9907660,        -894.9059400,
 10767,           0.9907670,        -894.8742000,
 10768,           0.9907680,        -894.8415000,
 10769,           0.9907690,        -894.8085300,
 10770,           0.9907700,        -894.7788000,
 10771,           0.9907710,        -894.7467000,
 10772,           0.9907720,        -894.7141100,
 10773,           0.9907730,        -894.6829200,
 10774,           0.9907740,        -894.6521000,
 10775,           0.9907750,        -894.6201000,
 10776,           0.9907760,        -894.5889200,
 10777,           0.9907770,        -894.5562000,
 10778,           0.9907780,        -894.5231300,
 10779,           0.9907790,        -894.4920000,
 10780,           0.9907800,        -894.4619000,
 10781,           0.9907810,        -894.4286000,
 10782,           0.9907820,        -894.3959000,
 10783,           0.9907830,        -894.3663300,
 10784,           0.9907840,        -894.3341000,
 10785,           0.9907850,        -894.3015000,
 10786,           0.9907860,        -894.2701000,
 10787,           0.9907870,        -894.2370000,
 10788,           0.9907880,        -894.2065000,
 10789,           0.9907890,        -894.1752300,
 10790,           0.9907900,        -894.1429400,
 10791,           0.9907910,        -894.1099000,
 10792,           0.9907920,        -894.0795200,
 10793,           0.9907930,        -894.0477200,
 10794,           0.9907940,        -894.0158000,
 10795,           0.9907950,        -893.9835000,
 10796,           0.9907960,        -893.9520200,
 10797,           0.9907970,        -893.9207000,
 10798,           0.9907980,        -893.8887000,
 10799,           0.9907990,        -893.8575400,
 10800,           0.9908000,        -893.8247000,
 10801,           0.9908010,        -893.7941200,
 10802,           0.9908020,        -893.7629300,
 10803,           0.9908030,        -893.7304000,
 10804,           0.9908040,        -893.6979000,
 10805,           0.9908050,        -893.6677000,
 10806,           0.9908060,        -893.6353100,
 10807,           0.9908070,        -893.6029000,
 10808,           0.9908080,        -893.5707300,
 10809,           0.9908090,        -893.5390000,
 10810,           0.9908100,        -893.5085000,
 10811,           0.9908110,        -893.4758300,
 10812,           0.9908120,        -893.4447000,
 10813,           0.9908130,        -893.4120400,
 10814,           0.9908140,        -893.3815300,
 10815,           0.9908150,        -893.3500300,
 10816,           0.9908160,        -893.3179300,
 10817,           0.9908170,        -893.2852000,
 10818,           0.9908180,        -893.2542000,
 10819,           0.9908190,        -893.2230200,
 10820,           0.9908200,        -893.1904200,
 10821,           0.9908210,        -893.1580200,
 10822,           0.9908220,        -893.1271000,
 10823,           0.9908230,        -893.0960000,
 10824,           0.9908240,        -893.0632300,
 10825,           0.9908250,        -893.0320000,
 10826,           0.9908260,        -892.9998000,
 10827,           0.9908270,        -892.9666100,
 10828,           0.9908280,        -892.9380400,
 10829,           0.9908290,        -892.9053300,
 10830,           0.9908300,        -892.8732000,
 10831,           0.9908310,        -892.8417000,
 10832,           0.9908320,        -892.8109100,
 10833,           0.9908330,        -892.7784000,
 10834,           0.9908340,        -892.7454200,
 10835,           0.9908350,        -892.7147000,
 10836,           0.9908360,        -892.6821200,
 10837,           0.9908370,        -892.6517300,
 10838,           0.9908380,        -892.6200000,
 10839,           0.9908390,        -892.5872100,
 10840,           0.9908400,        -892.5554000,
 10841,           0.9908410,        -892.5253200,
 10842,           0.9908420,        -892.4929000,
 10843,           0.9908430,        -892.4602000,
 10844,           0.9908440,        -892.4291000,
 10845,           0.9908450,        -892.3967000,
 10846,           0.9908460,        -892.3663300,
 10847,           0.9908470,        -892.3335000,
 10848,           0.9908480,        -892.3019400,
 10849,           0.9908490,        -892.2704000,
 10850,           0.9908500,        -892.2397400,
 10851,           0.9908510,        -892.2079400,
 10852,           0.9908520,        -892.1756000,
 10853,           0.9908530,        -892.1429400,
 10854,           0.9908540,        -892.1122400,
 10855,           0.9908550,        -892.0812300,
 10856,           0.9908560,        -892.0486000,
 10857,           0.9908570,        -892.0174000,
 10858,           0.9908580,        -891.9846100,
 10859,           0.9908590,        -891.9540400,
 10860,           0.9908600,        -891.9213200,
 10861,           0.9908610,        -891.8906000,
 10862,           0.9908620,        -891.8580300,
 10863,           0.9908630,        -891.8257400,
 10864,           0.9908640,        -891.7967000,
 10865,           0.9908650,        -891.7635000,
 10866,           0.9908660,        -891.7309000,
 10867,           0.9908670,        -891.6996000,
 10868,           0.9908680,        -891.6696100,
 10869,           0.9908690,        -891.6371400,
 10870,           0.9908700,        -891.6060000,
 10871,           0.9908710,        -891.5731000,
 10872,           0.9908720,        -891.5406000,
 10873,           0.9908730,        -891.5103100,
 10874,           0.9908740,        -891.4793000,
 10875,           0.9908750,        -891.4465000,
 10876,           0.9908760,        -891.4136300,
 10877,           0.9908770,        -891.3840300,
 10878,           0.9908780,        -891.3517400,
 10879,           0.9908790,        -891.3193000,
 10880,           0.9908800,        -891.2881400,
 10881,           0.9908810,        -891.2554000,
 10882,           0.9908820,        -891.2246000,
 10883,           0.9908830,        -891.1926200,
 10884,           0.9908840,        -891.1618000,
 10885,           0.9908850,        -891.1292100,
 10886,           0.9908860,        -891.0984400,
 10887,           0.9908870,        -891.0669000,
 10888,           0.9908880,        -891.0352000,
 10889,           0.9908890,        -891.0026000,
 10890,           0.9908900,        -883.6200000,
 10891,           0.9908910,        -883.5891100,
 10892,           0.9908920,        -883.5571000,
 10893,           0.9908930,        -883.5256000,
 10894,           0.9908940,        -883.4930000,
 10895,           0.9908950,        -883.4617000,
 10896,           0.9908960,        -883.4292000,
 10897,           0.9908970,        -883.3987000,
 10898,           0.9908980,        -883.3661000,
 10899,           0.9908990,        -883.3331200,
 10900,           0.9909000,        -883.3041300,
 10901,           0.9909010,        -883.2713000,
 10902,           0.9909020,        -883.2390100,
 10903,           0.9909030,        -883.2079000,
 10904,           0.9909040,        -883.1772000,
 10905,           0.9909050,        -883.1442000,
 10906,           0.9909060,        -883.1133000,
 10907,           0.9909070,        -883.0809300,
 10908,           0.9909080,        -883.0478000,
 10909,           0.9909090,        -883.0170200,
 10910,           0.9909100,        -882.9857100,
 10911,           0.9909110,        -882.9531000,
 10912,           0.9909120,        -882.9208300,
 10913,           0.9909130,        -882.8910000,
 10914,           0.9909140,        -882.8583000,
 10915,           0.9909150,        -882.8257000,
 10916,           0.9909160,        -882.7946000,
 10917,           0.9909170,        -882.7622000,
 10918,           0.9909180,        -882.7318100,
 10919,           0.9909190,        -882.6994000,
 10920,           0.9909200,        -882.6678000,
 10921,           0.9909210,        -882.6349400,
 10922,           0.9909220,        -882.6051000,
 10923,           0.9909230,        -882.5740000,
 10924,           0.9909240,        -882.5405200,
 10925,           0.9909250,        -882.5081000,
 10926,           0.9909260,        -882.4767400,
 10927,           0.9909270,        -882.4467000,
 10928,           0.9909280,        -882.4140000,
 10929,           0.9909290,        -882.3828100,
 10930,           0.9909300,        -882.3500000,
 10931,           0.9909310,        -882.3192000,
 10932,           0.9909320,        -882.2869200,
 10933,           0.9909330,        -882.2553100,
 10934,           0.9909340,        -882.2227100,
 10935,           0.9909350,        -882.1899400,
 10936,           0.9909360,        -882.1606000,
 10937,           0.9909370,        -882.1289000,
 10938,           0.9909380,        -882.0961000,
 10939,           0.9909390,        -882.0648000,
 10940,           0.9909400,        -882.0340000,
 10941,           0.9909410,        -882.0011000,
 10942,           0.9909420,        -881.9688000,
 10943,           0.9909430,        -881.9380000,
 10944,           0.9909440,        -881.9053000,
 10945,           0.9909450,        -881.8746000,
 10946,           0.9909460,        -881.8432000,
 10947,           0.9909470,        -881.8114000,
 10948,           0.9909480,        -881.7787000,
 10949,           0.9909490,        -881.7491400,
 10950,           0.9909500,        -881.7166000,
 10951,           0.9909510,        -881.6835300,
 10952,           0.9909520,        -881.6526000,
 10953,           0.9909530,        -881.6200000,
 10954,           0.9909540,        -881.5898000,
 10955,           0.9909550,        -881.5569400,
 10956,           0.9909560,        -881.5256300,
 10957,           0.9909570,        -881.4932200,
 10958,           0.9909580,        -881.4628000,
 10959,           0.9909590,        -881.4313000,
 10960,           0.9909600,        -881.3984300,
 10961,           0.9909610,        -881.3660200,
 10962,           0.9909620,        -881.3354400,
 10963,           0.9909630,        -881.3046200,
 10964,           0.9909640,        -881.2720000,
 10965,           0.9909650,        -881.2394000,
 10966,           0.9909660,        -881.2081000,
 10967,           0.9909670,        -881.1782000,
 10968,           0.9909680,        -881.1459000,
 10969,           0.9909690,        -881.1138000,
 10970,           0.9909700,        -881.0811000,
 10971,           0.9909710,        -881.0488000,
 10972,           0.9909720,        -881.0198300,
 10973,           0.9909730,        -880.9873000,
 10974,           0.9909740,        -880.9548300,
 10975,           0.9909750,        -880.9214400,
 10976,           0.9909760,        -880.8923300,
 10977,           0.9909770,        -880.8601000,
 10978,           0.9909780,        -880.8275000,
 10979,           0.9909790,        -880.7969000,
 10980,           0.9909800,        -880.7641000,
 10981,           0.9909810,        -880.7332100,
 10982,           0.9909820,        -880.7027000,
 10983,           0.9909830,        -880.6702000,
 10984,           0.9909840,        -880.6374000,
 10985,           0.9909850,        -880.6083300,
 10986,           0.9909860,        -880.5754300,
 10987,           0.9909870,        -880.5428400,
 10988,           0.9909880,        -880.5109000,
 10989,           0.9909890,        -880.4792000,
 10990,           0.9909900,        -880.4485400,
 10991,           0.9909910,        -880.4164000,
 10992,           0.9909920,        -880.3844000,
 10993,           0.9909930,        -880.3524100,
 10994,           0.9909940,        -880.3218000,
 10995,           0.9909950,        -880.2908000,
 10996,           0.9909960,        -880.2584000,
 10997,           0.9909970,        -880.2256400,
 10998,           0.9909980,        -880.1935400,
 10999,           0.9909990,        -880.1645000,
 11000,           0.9910000,        -880.1315000,
 11001,           0.9910010,        -880.0990000,
 11002,           0.9910020,        -880.0678100,
 11003,           0.9910030,        -880.0378000,
 11004,           0.9910040,        -880.0057000,
 11005,           0.9910050,        -879.9742400,
 11006,           0.9910060,        -879.9413000,
 11007,           0.9910070,        -879.9112000,
 11008,           0.9910080,        -879.8786000,
 11009,           0.9910090,        -879.8466100,
 11010,           0.9910100,        -879.8145100,
 11011,           0.9910110,        -879.7816100,
 11012,           0.9910120,        -879.7528000,
 11013,           0.9910130,        -879.7205000,
 11014,           0.9910140,        -879.6882000,
 11015,           0.9910150,        -879.6569000,
 11016,           0.9910160,        -872.2653000,
 11017,           0.9910170,        -872.2328000,
 11018,           0.9910180,        -872.2003100,
 11019,           0.9910190,        -872.1693100,
 11020,           0.9910200,        -872.1367000,
 11021,           0.9910210,        -872.1061400,
 11022,           0.9910220,        -872.0746000,
 11023,           0.9910230,        -872.0421000,
 11024,           0.9910240,        -872.0101300,
 11025,           0.9910250,        -871.9808300,
 11026,           0.9910260,        -871.9476000,
 11027,           0.9910270,        -871.9149000,
 11028,           0.9910280,        -871.8817100,
 11029,           0.9910290,        -871.8517000,
 11030,           0.9910300,        -871.8203100,
 11031,           0.9910310,        -871.7878000,
 11032,           0.9910320,        -871.7568300,
 11033,           0.9910330,        -871.7237000,
 11034,           0.9910340,        -871.6931100,
 11035,           0.9910350,        -871.6626000,
 11036,           0.9910360,        -871.6304300,
 11037,           0.9910370,        -871.5974100,
 11038,           0.9910380,        -871.5658000,
 11039,           0.9910390,        -871.5352100,
 11040,           0.9910400,        -871.5029200,
 11041,           0.9910410,        -871.4708000,
 11042,           0.9910420,        -871.4395000,
 11043,           0.9910430,        -871.4083000,
 11044,           0.9910440,        -871.3754200,
 11045,           0.9910450,        -871.3437000,
 11046,           0.9910460,        -871.3119000,
 11047,           0.9910470,        -871.2791100,
 11048,           0.9910480,        -871.2482000,
 11049,           0.9910490,        -871.2177000,
 11050,           0.9910500,        -871.1846000,
 11051,           0.9910510,        -871.1524000,
 11052,           0.9910520,        -871.1234000,
 11053,           0.9910530,        -871.0907000,
 11054,           0.9910540,        -871.0583000,
 11055,           0.9910550,        -871.0272000,
 11056,           0.9910560,        -870.9948000,
 11057,           0.9910570,        -870.9642300,
 11058,           0.9910580,        -870.9333400,
 11059,           0.9910590,        -870.9005000,
 11060,           0.9910600,        -870.8678000,
 11061,           0.9910610,        -870.8365000,
 11062,           0.9910620,        -870.8059000,
 11063,           0.9910630,        -870.7731300,
 11064,           0.9910640,        -870.7404100,
 11065,           0.9910650,        -870.7095000,
 11066,           0.9910660,        -870.6780300,
 11067,           0.9910670,        -870.6463000,
 11068,           0.9910680,        -870.6158400,
 11069,           0.9910690,        -870.5829000,
 11070,           0.9910700,        -870.5522400,
 11071,           0.9910710,        -870.5197100,
 11072,           0.9910720,        -870.4884000,
 11073,           0.9910730,        -870.4563000,
 11074,           0.9910740,        -870.4236400,
 11075,           0.9910750,        -870.3942200,
 11076,           0.9910760,        -870.3616300,
 11077,           0.9910770,        -870.3286000,
 11078,           0.9910780,        -862.9320000,
 11079,           0.9910790,        -862.9008100,
 11080,           0.9910800,        -862.8685300,
 11081,           0.9910810,        -862.8356300,
 11082,           0.9910820,        -862.8039000,
 11083,           0.9910830,        -862.7715400,
 11084,           0.9910840,        -862.7416300,
 11085,           0.9910850,        -862.7101000,
 11086,           0.9910860,        -862.6775000,
 11087,           0.9910870,        -862.6449000,
 11088,           0.9910880,        -862.6145000,
 11089,           0.9910890,        -862.5836100,
 11090,           0.9910900,        -862.5510000,
 11091,           0.9910910,        -862.5183100,
 11092,           0.9910920,        -862.4869000,
 11093,           0.9910930,        -862.4561100,
 11094,           0.9910940,        -862.4229100,
 11095,           0.9910950,        -862.3924000,
 11096,           0.9910960,        -862.3588000,
 11097,           0.9910970,        -862.3281000,
 11098,           0.9910980,        -862.2957100,
 11099,           0.9910990,        -862.2642200,
 11100,           0.9911000,        -862.2324200,
 11101,           0.9911010,        -862.1998200,
 11102,           0.9911020,        -862.1701000,
 11103,           0.9911030,        -862.1381200,
 11104,           0.9911040,        -862.1049100,
 11105,           0.9911050,        -862.0737000,
 11106,           0.9911060,        -862.0438000,
 11107,           0.9911070,        -862.0111000,
 11108,           0.9911080,        -861.9787000,
 11109,           0.9911090,        -861.9468300,
 11110,           0.9911100,        -861.9144000,
 11111,           0.9911110,        -861.8834200,
 11112,           0.9911120,        -861.8516000,
 11113,           0.9911130,        -861.8188000,
 11114,           0.9911140,        -861.7864300,
 11115,           0.9911150,        -861.7571000,
 11116,           0.9911160,        -861.7247300,
 11117,           0.9911170,        -861.6927000,
 11118,           0.9911180,        -861.6597000,
 11119,           0.9911190,        -861.6285400,
 11120,           0.9911200,        -861.5981000,
 11121,           0.9911210,        -861.5655000,
 11122,           0.9911220,        -861.5345000,
 11123,           0.9911230,        -861.5021300,
 11124,           0.9911240,        -861.4717400,
 11125,           0.9911250,        -861.4404000,
 11126,           0.9911260,        -861.4081400,
 11127,           0.9911270,        -861.3749300,
 11128,           0.9911280,        -861.3420400,
 11129,           0.9911290,        -861.3126000,
 11130,           0.9911300,        -861.2796000,
 11131,           0.9911310,        -861.2472000,
 11132,           0.9911320,        -861.2161000,
 11133,           0.9911330,        -861.1857000,
 11134,           0.9911340,        -861.1534000,
 11135,           0.9911350,        -861.1223000,
 11136,           0.9911360,        -861.0897000,
 11137,           0.9911370,        -861.0568000,
 11138,           0.9911380,        -861.0265000,
 11139,           0.9911390,        -860.9948100,
 11140,           0.9911400,        -860.9634000,
 11141,           0.9911410,        -860.9310300,
 11142,           0.9911420,        -860.9012000,
 11143,           0.9911430,        -860.8690100,
 11144,           0.9911440,        -860.8356000,
 11145,           0.9911450,        -860.8022400,
 11146,           0.9911460,        -860.7715000,
 11147,           0.9911470,        -860.7408000,
 11148,           0.9911480,        -860.7084300,
 11149,           0.9911490,        -860.6769400,
 11150,           0.9911500,        -860.6444000,
 11151,           0.9911510,        -860.6140000,
 11152,           0.9911520,        -860.5836100,
 11153,           0.9911530,        -860.5507000,
 11154,           0.9911540,        -860.5181000,
 11155,           0.9911550,        -860.4858300,
 11156,           0.9911560,        -860.4562300,
 11157,           0.9911570,        -860.4243000,
 11158,           0.9911580,        -860.3918000,
 11159,           0.9911590,        -860.3610000,
 11160,           0.9911600,        -860.3304000,
 11161,           0.9911610,        -860.2972000,
 11162,           0.9911620,        -860.2643000,
 11163,           0.9911630,        -860.2326000,
 11164,           0.9911640,        -860.2004300,
 11165,           0.9911650,        -860.1694000,
 11166,           0.9911660,        -860.1387300,
 11167,           0.9911670,        -860.1060000,
 11168,           0.9911680,        -860.0733000,
 11169,           0.9911690,        -860.0443000,
 11170,           0.9911700,        -860.0127000,
 11171,           0.9911710,        -859.9802000,
 11172,           0.9911720,        -859.9474400,
 11173,           0.9911730,        -859.9159000,
 11174,           0.9911740,        -859.8854300,
 11175,           0.9911750,        -859.8539000,
 11176,           0.9911760,        -859.8223000,
 11177,           0.9911770,        -859.7901000,
 11178,           0.9911780,        -859.7586000,
 11179,           0.9911790,        -859.7267400,
 11180,           0.9911800,        -859.6935000,
 11181,           0.9911810,        -859.6619000,
 11182,           0.9911820,        -859.6296300,
 11183,           0.9911830,        -859.6006400,
 11184,           0.9911840,        -859.5677000,
 11185,           0.9911850,        -859.5352100,
 11186,           0.9911860,        -859.5042000,
 11187,           0.9911870,        -859.4745000,
 11188,           0.9911880,        -859.4417000,
 11189,           0.9911890,        -859.4105200,
 11190,           0.9911900,        -859.3781100,
 11191,           0.9911910,        -859.3462000,
 11192,           0.9911920,        -859.3148100,
 11193,           0.9911930,        -859.2839300,
 11194,           0.9911940,        -859.2521000,
 11195,           0.9911950,        -859.2181300,
 11196,           0.9911960,        -859.1888400,
 11197,           0.9911970,        -859.1566100,
 11198,           0.9911980,        -859.1235000,
 11199,           0.9911990,        -859.0916100,
 11200,           0.9912000,        -859.0624000,
 11201,           0.9912010,        -859.0299000,
 11202,           0.9912020,        -858.9974300,
 11203,           0.9912030,        -858.9665000,
 11204,           0.9912040,        -858.9343000,
 11205,           0.9912050,        -858.9041000,
 11206,           0.9912060,        -858.8730400,
 11207,           0.9912070,        -858.8406000,
 11208,           0.9912080,        -858.8080400,
 11209,           0.9912090,        -858.7775200,
 11210,           0.9912100,        -858.7463000,
 11211,           0.9912110,        -858.7136200,
 11212,           0.9912120,        -858.6805400,
 11213,           0.9912130,        -858.6490400,
 11214,           0.9912140,        -858.6191000,
 11215,           0.9912150,        -858.5860000,
 11216,           0.9912160,        -858.5533000,
 11217,           0.9912170,        -858.5233000,
 11218,           0.9912180,        -858.4928000,
 11219,           0.9912190,        -858.4606000,
 11220,           0.9912200,        -858.4291300,
 11221,           0.9912210,        -858.3967000,
 11222,           0.9912220,        -858.3639000,
 11223,           0.9912230,        -858.3350200,
 11224,           0.9912240,        -858.3033000,
 11225,           0.9912250,        -858.2709000,
 11226,           0.9912260,        -858.2382000,
 11227,           0.9912270,        -858.2091000,
 11228,           0.9912280,        -858.1755000,
 11229,           0.9912290,        -858.1428000,
 11230,           0.9912300,        -858.1120000,
 11231,           0.9912310,        -858.0800000,
 11232,           0.9912320,        -858.0491000,
 11233,           0.9912330,        -858.0166000,
 11234,           0.9912340,        -857.9855000,
 11235,           0.9912350,        -857.9533000,
 11236,           0.9912360,        -857.9229000,
 11237,           0.9912370,        -857.8920200,
 11238,           0.9912380,        -857.8598000,
 11239,           0.9912390,        -857.8273000,
 11240,           0.9912400,        -857.7964000,
 11241,           0.9912410,        -857.7656200,
 11242,           0.9912420,        -857.7340000,
 11243,           0.9912430,        -857.7018400,
 11244,           0.9912440,        -857.6705300,
 11245,           0.9912450,        -857.6384200,
 11246,           0.9912460,        -857.6063200,
 11247,           0.9912470,        -857.5750000,
 11248,           0.9912480,        -857.5432100,
 11249,           0.9912490,        -857.5106000,
 11250,           0.9912500,        -857.4802200,
 11251,           0.9912510,        -857.4490000,
 11252,           0.9912520,        -857.4169000,
 11253,           0.9912530,        -857.3838000,
 11254,           0.9912540,        -857.3549000,
 11255,           0.9912550,        -857.3231200,
 11256,           0.9912560,        -857.2907100,
 11257,           0.9912570,        -857.2598200,
 11258,           0.9912580,        -857.2275000,
 11259,           0.9912590,        -857.1964000,
 11260,           0.9912600,        -857.1641200,
 11261,           0.9912610,        -857.1329300,
 11262,           0.9912620,        -857.1005000,
 11263,           0.9912630,        -857.0697000,
 11264,           0.9912640,        -857.0387000,
 11265,           0.9912650,        -857.0061000,
 11266,           0.9912660,        -856.9737000,
 11267,           0.9912670,        -856.9420100,
 11268,           0.9912680,        -856.9126000,
 11269,           0.9912690,        -856.8799400,
 11270,           0.9912700,        -856.8480000,
 11271,           0.9912710,        -856.8170000,
 11272,           0.9912720,        -856.7863100,
 11273,           0.9912730,        -856.7539000,
 11274,           0.9912740,        -856.7236000,
 11275,           0.9912750,        -856.6911000,
 11276,           0.9912760,        -856.6587000,
 11277,           0.9912770,        -856.6281000,
 11278,           0.9912780,        -856.5960000,
 11279,           0.9912790,        -856.5634100,
 11280,           0.9912800,        -856.5317000,
 11281,           0.9912810,        -856.5026000,
 11282,           0.9912820,        -856.4703300,
 11283,           0.9912830,        -856.4379000,
 11284,           0.9912840,        -856.4052100,
 11285,           0.9912850,        -856.3744000,
 11286,           0.9912860,        -856.3436000,
 11287,           0.9912870,        -856.3116400,
 11288,           0.9912880,        -856.2808000,
 11289,           0.9912890,        -856.2487100,
 11290,           0.9912900,        -856.2180000,
 11291,           0.9912910,        -856.1855400,
 11292,           0.9912920,        -856.1545000,
 11293,           0.9912930,        -856.1232200,
 11294,           0.9912940,        -856.0893000,
 11295,           0.9912950,        -856.0601000,
 11296,           0.9912960,        -856.0278000,
 11297,           0.9912970,        -855.9957000,
 11298,           0.9912980,        -855.9643000,
 11299,           0.9912990,        -855.9340200,
 11300,           0.9913000,        -855.9023400,
 11301,           0.9913010,        -855.8698100,
 11302,           0.9913020,        -855.8390000,
 11303,           0.9913030,        -855.8063000,
 11304,           0.9913040,        -855.7758000,
 11305,           0.9913050,        -855.7446000,
 11306,           0.9913060,        -855.7130000,
 11307,           0.9913070,        -855.6805400,
 11308,           0.9913080,        -855.6504000,
 11309,           0.9913090,        -855.6192000,
 11310,           0.9913100,        -855.5869100,
 11311,           0.9913110,        -855.5537100,
 11312,           0.9913120,        -855.5225000,
 11313,           0.9913130,        -855.4922400,
 11314,           0.9913140,        -855.4599000,
 11315,           0.9913150,        -855.4288300,
 11316,           0.9913160,        -855.3970000,
 11317,           0.9913170,        -855.3664000,
 11318,           0.9913180,        -855.3340000,
 11319,           0.9913190,        -855.3034000,
 11320,           0.9913200,        -855.2714200,
 11321,           0.9913210,        -855.2386400,
 11322,           0.9913220,        -855.2094000,
 11323,           0.9913230,        -855.1774000,
 11324,           0.9913240,        -855.1452000,
 11325,           0.9913250,        -855.1125000,
 11326,           0.9913260,        -855.0842000,
 11327,           0.9913270,        -855.0513000,
 11328,           0.9913280,        -855.0188000,
 11329,           0.9913290,        -854.9875400,
 11330,           0.9913300,        -854.9552000,
 11331,           0.9913310,        -854.9241300,
 11332,           0.9913320,        -854.8924000,
 11333,           0.9913330,        -854.8618100,
 11334,           0.9913340,        -854.8293400,
 11335,           0.9913350,        -854.7993000,
 11336,           0.9913360,        -854.7685000,
 11337,           0.9913370,        -854.7360200,
 11338,           0.9913380,        -854.7037000,
 11339,           0.9913390,        -854.6724000,
 11340,           0.9913400,        -854.6428000,
 11341,           0.9913410,        -854.6104100,
 11342,           0.9913420,        -854.5782000,
 11343,           0.9913430,        -854.5470000,
 11344,           0.9913440,        -854.5156000,
 11345,           0.9913450,        -854.4839000,
 11346,           0.9913460,        -854.4522000,
 11347,           0.9913470,        -854.4203000,
 11348,           0.9913480,        -854.3881000,
 11349,           0.9913490,        -854.3577200,
 11350,           0.9913500,        -854.3267200,
 11351,           0.9913510,        -854.2942000,
 11352,           0.9913520,        -854.2622000,
 11353,           0.9913530,        -854.2333300,
 11354,           0.9913540,        -854.2017200,
 11355,           0.9913550,        -854.1693100,
 11356,           0.9913560,        -854.1366000,
 11357,           0.9913570,        -854.1055200,
 11358,           0.9913580,        -854.0755000,
 11359,           0.9913590,        -854.0431000,
 11360,           0.9913600,        -854.0122000,
 11361,           0.9913610,        -853.9796100,
 11362,           0.9913620,        -853.9491000,
 11363,           0.9913630,        -853.9167000,
 11364,           0.9913640,        -853.8852000,
 11365,           0.9913650,        -853.8534000,
 11366,           0.9913660,        -853.8207300,
 11367,           0.9913670,        -853.7928400,
 11368,           0.9913680,        -853.7604300,
 11369,           0.9913690,        -853.7283300,
 11370,           0.9913700,        -853.6959000,
 11371,           0.9913710,        -853.6666200,
 11372,           0.9913720,        -853.6347000,
 11373,           0.9913730,        -853.6025300,
 11374,           0.9913740,        -853.5720200,
 11375,           0.9913750,        -853.5394200,
 11376,           0.9913760,        -853.5086000,
 11377,           0.9913770,        -853.4771000,
 11378,           0.9913780,        -853.4450000,
 11379,           0.9913790,        -853.4125000,
 11380,           0.9913800,        -853.3821400,
 11381,           0.9913810,        -853.3517000,
 11382,           0.9913820,        -853.3193300,
 11383,           0.9913830,        -853.2872300,
 11384,           0.9913840,        -853.2563000,
 11385,           0.9913850,        -853.2260000,
 11386,           0.9913860,        -853.1935400,
 11387,           0.9913870,        -853.1618000,
 11388,           0.9913880,        -853.1312200,
 11389,           0.9913890,        -853.1012000,
 11390,           0.9913900,        -853.0688400,
 11391,           0.9913910,        -853.0375300,
 11392,           0.9913920,        -853.0056100,
 11393,           0.9913930,        -852.9728300,
 11394,           0.9913940,        -852.9421300,
 11395,           0.9913950,        -852.9113000,
 11396,           0.9913960,        -852.8792000,
 11397,           0.9913970,        -852.8468000,
 11398,           0.9913980,        -852.8177400,
 11399,           0.9913990,        -852.7854000,
 11400,           0.9914000,        -852.7534000,
 11401,           0.9914010,        -852.7211300,
 11402,           0.9914020,        -852.6922000,
 11403,           0.9914030,        -852.6607000,
 11404,           0.9914040,        -852.6285400,
 11405,           0.9914050,        -852.5972200,
 11406,           0.9914060,        -852.5651000,
 11407,           0.9914070,        -852.5353300,
 11408,           0.9914080,        -852.5027000,
 11409,           0.9914090,        -852.4714300,
 11410,           0.9914100,        -852.4390200,
 11411,           0.9914110,        -852.4088100,
 11412,           0.9914120,        -852.3783000,
 11413,           0.9914130,        -852.3453300,
 11414,           0.9914140,        -852.3130000,
 11415,           0.9914150,        -852.2806300,
 11416,           0.9914160,        -852.2520000,
 11417,           0.9914170,        -852.2202100,
 11418,           0.9914180,        -852.1880400,
 11419,           0.9914190,        -852.1572000,
 11420,           0.9914200,        -852.1271000,
 11421,           0.9914210,        -852.0952000,
 11422,           0.9914220,        -852.0627400,
 11423,           0.9914230,        -852.0319200,
 11424,           0.9914240,        -852.0004000,
 11425,           0.9914250,        -851.9702000,
 11426,           0.9914260,        -851.9387200,
 11427,           0.9914270,        -851.9058200,
 11428,           0.9914280,        -851.8735300,
 11429,           0.9914290,        -851.8442000,
 11430,           0.9914300,        -851.8121000,
 11431,           0.9914310,        -851.7795400,
 11432,           0.9914320,        -851.7479000,
 11433,           0.9914330,        -851.7173000,
 11434,           0.9914340,        -851.6871000,
 11435,           0.9914350,        -851.6549000,
 11436,           0.9914360,        -851.6240000,
 11437,           0.9914370,        -851.5917300,
 11438,           0.9914380,        -851.5620000,
 11439,           0.9914390,        -851.5300200,
 11440,           0.9914400,        -851.4995100,
 11441,           0.9914410,        -851.4668000,
 11442,           0.9914420,        -851.4345000,
 11443,           0.9914430,        -851.4053000,
 11444,           0.9914440,        -851.3726000,
 11445,           0.9914450,        -851.3405100,
 11446,           0.9914460,        -851.3087100,
 11447,           0.9914470,        -851.2800000,
 11448,           0.9914480,        -851.2472000,
 11449,           0.9914490,        -851.2155100,
 11450,           0.9914500,        -851.1843200,
 11451,           0.9914510,        -851.1520000,
 11452,           0.9914520,        -851.1219000,
 11453,           0.9914530,        -851.0899000,
 11454,           0.9914540,        -851.0596300,
 11455,           0.9914550,        -851.0274000,
 11456,           0.9914560,        -850.9976100,
 11457,           0.9914570,        -850.9663000,
 11458,           0.9914580,        -850.9343000,
 11459,           0.9914590,        -850.9019100,
 11460,           0.9914600,        -850.8691000,
 11461,           0.9914610,        -850.8403000,
 11462,           0.9914620,        -850.8087000,
 11463,           0.9914630,        -850.7759000,
 11464,           0.9914640,        -850.7455000,
 11465,           0.9914650,        -850.7151400,
 11466,           0.9914660,        -850.6829000,
 11467,           0.9914670,        -850.6508000,
 11468,           0.9914680,        -850.6197000,
 11469,           0.9914690,        -850.5886200,
 11470,           0.9914700,        -850.5580400,
 11471,           0.9914710,        -850.5274000,
 11472,           0.9914720,        -850.4953000,
 11473,           0.9914730,        -850.4631000,
 11474,           0.9914740,        -850.4330400,
 11475,           0.9914750,        -850.4012400,
 11476,           0.9914760,        -850.3696000,
 11477,           0.9914770,        -850.3376000,
 11478,           0.9914780,        -850.3065000,
 11479,           0.9914790,        -850.2763000,
 11480,           0.9914800,        -850.2440000,
 11481,           0.9914810,        -850.2120000,
 11482,           0.9914820,        -850.1810000,
 11483,           0.9914830,        -850.1505000,
 11484,           0.9914840,        -850.1186000,
 11485,           0.9914850,        -850.0888000,
 11486,           0.9914860,        -850.0562100,
 11487,           0.9914870,        -850.0239000,
 11488,           0.9914880,        -849.9940000,
 11489,           0.9914890,        -849.9631300,
 11490,           0.9914900,        -849.9307200,
 11491,           0.9914910,        -849.8986200,
 11492,           0.9914920,        -849.8699300,
 11493,           0.9914930,        -849.8378000,
 11494,           0.9914940,        -849.8058400,
 11495,           0.9914950,        -849.7736000,
 11496,           0.9914960,        -849.7426000,
 11497,           0.9914970,        -849.7125000,
 11498,           0.9914980,        -849.6799000,
 11499,           0.9914990,        -849.6494100,
 11500,           0.9915000,        -849.6179000,
 11501,           0.9915010,        -849.5875200,
 11502,           0.9915020,        -849.5552300,
 11503,           0.9915030,        -849.5248000,
 11504,           0.9915040,        -849.4927000,
 11505,           0.9915050,        -849.4602000,
 11506,           0.9915060,        -849.4314000,
 11507,           0.9915070,        -849.3998000,
 11508,           0.9915080,        -849.3677000,
 11509,           0.9915090,        -849.3354000,
 11510,           0.9915100,        -849.3063000,
 11511,           0.9915110,        -849.2737400,
 11512,           0.9915120,        -849.2423000,
 11513,           0.9915130,        -849.2110000,
 11514,           0.9915140,        -849.1789000,
 11515,           0.9915150,        -849.1486000,
 11516,           0.9915160,        -849.1174000,
 11517,           0.9915170,        -849.0865400,
 11518,           0.9915180,        -849.0543000,
 11519,           0.9915190,        -849.0241000,
 11520,           0.9915200,        -848.9937100,
 11521,           0.9915210,        -848.9611000,
 11522,           0.9915220,        -848.9293000,
 11523,           0.9915230,        -848.8972000,
 11524,           0.9915240,        -848.8678000,
 11525,           0.9915250,        -848.8367300,
 11526,           0.9915260,        -848.8040100,
 11527,           0.9915270,        -848.7733100,
 11528,           0.9915280,        -848.7431000,
 11529,           0.9915290,        -848.7107000,
 11530,           0.9915300,        -848.6790000,
 11531,           0.9915310,        -848.6478000,
 11532,           0.9915320,        -848.6165000,
 11533,           0.9915330,        -848.5864000,
 11534,           0.9915340,        -848.5553000,
 11535,           0.9915350,        -848.5235000,
 11536,           0.9915360,        -848.4914000,
 11537,           0.9915370,        -848.4608000,
 11538,           0.9915380,        -848.4309000,
 11539,           0.9915390,        -848.3985000,
 11540,           0.9915400,        -848.3662100,
 11541,           0.9915410,        -848.3359000,
 11542,           0.9915420,        -848.3057000,
 11543,           0.9915430,        -848.2734300,
 11544,           0.9915440,        -848.2416000,
 11545,           0.9915450,        -848.2103200,
 11546,           0.9915460,        -848.1801000,
 11547,           0.9915470,        -848.1482000,
 11548,           0.9915480,        -848.1159000,
 11549,           0.9915490,        -848.0859000,
 11550,           0.9915500,        -848.0535200,
 11551,           0.9915510,        -848.0237000,
 11552,           0.9915520,        -847.9932000,
 11553,           0.9915530,        -847.9608000,
 11554,           0.9915540,        -847.9286400,
 11555,           0.9915550,        -847.8986200,
 11556,           0.9915560,        -847.8682000,
 11557,           0.9915570,        -847.8361000,
 11558,           0.9915580,        -847.8040000,
 11559,           0.9915590,        -847.7728200,
 11560,           0.9915600,        -847.7432200,
 11561,           0.9915610,        -847.7111000,
 11562,           0.9915620,        -847.6790000,
 11563,           0.9915630,        -847.6477000,
 11564,           0.9915640,        -847.6179000,
 11565,           0.9915650,        -847.5858000,
 11566,           0.9915660,        -847.5556000,
 11567,           0.9915670,        -847.5237400,
 11568,           0.9915680,        -847.4916300,
 11569,           0.9915690,        -847.4613000,
 11570,           0.9915700,        -847.4306000,
 11571,           0.9915710,        -847.3988000,
 11572,           0.9915720,        -847.3668000,
 11573,           0.9915730,        -847.3374000,
 11574,           0.9915740,        -847.3055400,
 11575,           0.9915750,        -847.2736000,
 11576,           0.9915760,        -847.2419400,
 11577,           0.9915770,        -847.2109000,
 11578,           0.9915780,        -847.1808400,
 11579,           0.9915790,        -847.1489000,
 11580,           0.9915800,        -847.1179100,
 11581,           0.9915810,        -847.0860000,
 11582,           0.9915820,        -847.0558000,
 11583,           0.9915830,        -847.0248000,
 11584,           0.9915840,        -846.9937100,
 11585,           0.9915850,        -846.9622000,
 11586,           0.9915860,        -846.9297400,
 11587,           0.9915870,        -846.9008100,
 11588,           0.9915880,        -846.8688300,
 11589,           0.9915890,        -846.8369100,
 11590,           0.9915900,        -846.8050000,
 11591,           0.9915910,        -846.7753200,
 11592,           0.9915920,        -846.7443200,
 11593,           0.9915930,        -846.7122000,
 11594,           0.9915940,        -846.6818200,
 11595,           0.9915950,        -846.6512000,
 11596,           0.9915960,        -846.6189000,
 11597,           0.9915970,        -846.5873400,
 11598,           0.9915980,        -846.5565000,
 11599,           0.9915990,        -846.5243000,
 11600,           0.9916000,        -846.4948100,
 11601,           0.9916010,        -846.4630000,
 11602,           0.9916020,        -846.4325000,
 11603,           0.9916030,        -846.4005000,
 11604,           0.9916040,        -846.3705400,
 11605,           0.9916050,        -846.3393000,
 11606,           0.9916060,        -846.3075000,
 11607,           0.9916070,        -846.2753000,
 11608,           0.9916080,        -846.2433000,
 11609,           0.9916090,        -846.2143000,
 11610,           0.9916100,        -846.1827000,
 11611,           0.9916110,        -846.1513000,
 11612,           0.9916120,        -846.1199000,
 11613,           0.9916130,        -846.0898400,
 11614,           0.9916140,        -846.0582200,
 11615,           0.9916150,        -846.0259300,
 11616,           0.9916160,        -845.9950000,
 11617,           0.9916170,        -845.9634000,
 11618,           0.9916180,        -845.9334100,
 11619,           0.9916190,        -845.9032000,
 11620,           0.9916200,        -845.8712100,
 11621,           0.9916210,        -845.8397000,
 11622,           0.9916220,        -845.8091000,
 11623,           0.9916230,        -845.7782000,
 11624,           0.9916240,        -845.7463300,
 11625,           0.9916250,        -845.7142300,
 11626,           0.9916260,        -845.6838300,
 11627,           0.9916270,        -845.6536000,
 11628,           0.9916280,        -845.6226000,
 11629,           0.9916290,        -845.5905100,
 11630,           0.9916300,        -845.5598000,
 11631,           0.9916310,        -845.5289300,
 11632,           0.9916320,        -845.4976000,
 11633,           0.9916330,        -845.4654000,
 11634,           0.9916340,        -845.4344400,
 11635,           0.9916350,        -845.4032000,
 11636,           0.9916360,        -845.3727400,
 11637,           0.9916370,        -845.3427100,
 11638,           0.9916380,        -845.3101000,
 11639,           0.9916390,        -845.2787000,
 11640,           0.9916400,        -845.2486000,
 11641,           0.9916410,        -845.2178300,
 11642,           0.9916420,        -845.1859000,
 11643,           0.9916430,        -845.1537000,
 11644,           0.9916440,        -845.1234000,
 11645,           0.9916450,        -845.0934400,
 11646,           0.9916460,        -845.0618200,
 11647,           0.9916470,        -845.0298400,
 11648,           0.9916480,        -844.9995100,
 11649,           0.9916490,        -844.9692300,
 11650,           0.9916500,        -844.9373100,
 11651,           0.9916510,        -844.9066000,
 11652,           0.9916520,        -844.8748000,
 11653,           0.9916530,        -844.8428000,
 11654,           0.9916540,        -844.8127000,
 11655,           0.9916550,        -844.7823000,
 11656,           0.9916560,        -844.7503000,
 11657,           0.9916570,        -844.7184000,
 11658,           0.9916580,        -844.6886000,
 11659,           0.9916590,        -844.6577000,
 11660,           0.9916600,        -844.6254000,
 11661,           0.9916610,        -844.5942300,
 11662,           0.9916620,        -844.5630400,
 11663,           0.9916630,        -844.5333200,
 11664,           0.9916640,        -844.5010000,
 11665,           0.9916650,        -844.4700000,
 11666,           0.9916660,        -844.4393000,
 11667,           0.9916670,        -844.4097000,
 11668,           0.9916680,        -844.3773100,
 11669,           0.9916690,        -844.3468000,
 11670,           0.9916700,        -844.3148100,
 11671,           0.9916710,        -844.2827100,
 11672,           0.9916720,        -844.2524000,
 11673,           0.9916730,        -844.2214300,
 11674,           0.9916740,        -844.1907300,
 11675,           0.9916750,        -844.1586300,
 11676,           0.9916760,        -844.1297000,
 11677,           0.9916770,        -844.0983200,
 11678,           0.9916780,        -844.0663400,
 11679,           0.9916790,        -844.0340000,
 11680,           0.9916800,        -844.0037000,
 11681,           0.9916810,        -843.9738000,
 11682,           0.9916820,        -843.9417000,
 11683,           0.9916830,        -843.9102100,
 11684,           0.9916840,        -843.8802400,
 11685,           0.9916850,        -843.8501000,
 11686,           0.9916860,        -843.8180000,
 11687,           0.9916870,        -843.7872300,
 11688,           0.9916880,        -843.7552400,
 11689,           0.9916890,        -843.7230200,
 11690,           0.9916900,        -843.6932300,
 11691,           0.9916910,        -843.6624000,
 11692,           0.9916920,        -843.6307300,
 11693,           0.9916930,        -843.5991000,
 11694,           0.9916940,        -843.5712200,
 11695,           0.9916950,        -843.5389000,
 11696,           0.9916960,        -843.5067100,
 11697,           0.9916970,        -843.4753000,
 11698,           0.9916980,        -843.4446000,
 11699,           0.9916990,        -843.4144000,
 11700,           0.9917000,        -843.3829300,
 11701,           0.9917010,        -843.3510100,
 11702,           0.9917020,        -843.3204300,
 11703,           0.9917030,        -843.2903000,
 11704,           0.9917040,        -843.2590300,
 11705,           0.9917050,        -843.2281400,
 11706,           0.9917060,        -843.1961000,
 11707,           0.9917070,        -843.1645000,
 11708,           0.9917080,        -843.1343000,
 11709,           0.9917090,        -843.1036300,
 11710,           0.9917100,        -843.0721000,
 11711,           0.9917110,        -843.0405200,
 11712,           0.9917120,        -843.0113000,
 11713,           0.9917130,        -842.9796100,
 11714,           0.9917140,        -842.9484200,
 11715,           0.9917150,        -842.9166000,
 11716,           0.9917160,        -842.8860400,
 11717,           0.9917170,        -842.8561000,
 11718,           0.9917180,        -842.8243000,
 11719,           0.9917190,        -842.7938000,
 11720,           0.9917200,        -842.7614000,
 11721,           0.9917210,        -842.7320000,
 11722,           0.9917220,        -842.6995200,
 11723,           0.9917230,        -842.6689000,
 11724,           0.9917240,        -842.6373200,
 11725,           0.9917250,        -842.6059000,
 11726,           0.9917260,        -842.5757000,
 11727,           0.9917270,        -842.5455300,
 11728,           0.9917280,        -842.5135000,
 11729,           0.9917290,        -842.4818000,
 11730,           0.9917300,        -842.4530000,
 11731,           0.9917310,        -842.4214000,
 11732,           0.9917320,        -842.3895000,
 11733,           0.9917330,        -842.3576000,
 11734,           0.9917340,        -842.3279000,
 11735,           0.9917350,        -842.2981000,
 11736,           0.9917360,        -842.2656200,
 11737,           0.9917370,        -842.2356000,
 11738,           0.9917380,        -842.2035000,
 11739,           0.9917390,        -842.1732100,
 11740,           0.9917400,        -842.1413000,
 11741,           0.9917410,        -842.1112000,
 11742,           0.9917420,        -842.0789100,
 11743,           0.9917430,        -842.0472400,
 11744,           0.9917440,        -842.0176300,
 11745,           0.9917450,        -841.9873000,
 11746,           0.9917460,        -841.9553200,
 11747,           0.9917470,        -841.9242000,
 11748,           0.9917480,        -841.8953000,
 11749,           0.9917490,        -841.8636000,
 11750,           0.9917500,        -841.8318000,
 11751,           0.9917510,        -841.7998000,
 11752,           0.9917520,        -841.7692200,
 11753,           0.9917530,        -841.7393100,
 11754,           0.9917540,        -841.7079000,
 11755,           0.9917550,        -841.6756000,
 11756,           0.9917560,        -841.6455000,
 11757,           0.9917570,        -841.6156000,
 11758,           0.9917580,        -841.5842000,
 11759,           0.9917590,        -841.5534000,
 11760,           0.9917600,        -841.5217200,
 11761,           0.9917610,        -841.4898000,
 11762,           0.9917620,        -841.4599000,
 11763,           0.9917630,        -841.4294000,
 11764,           0.9917640,        -841.3975000,
 11765,           0.9917650,        -841.3660200,
 11766,           0.9917660,        -841.3375000,
 11767,           0.9917670,        -841.3064000,
 11768,           0.9917680,        -841.2738000,
 11769,           0.9917690,        -841.2426000,
 11770,           0.9917700,        -841.2121000,
 11771,           0.9917710,        -841.1816400,
 11772,           0.9917720,        -841.1501000,
 11773,           0.9917730,        -841.1188000,
 11774,           0.9917740,        -841.0880000,
 11775,           0.9917750,        -841.0579000,
 11776,           0.9917760,        -841.0262400,
 11777,           0.9917770,        -840.9961000,
 11778,           0.9917780,        -840.9644000,
 11779,           0.9917790,        -840.9326100,
 11780,           0.9917800,        -840.9024000,
 11781,           0.9917810,        -840.8725000,
 11782,           0.9917820,        -840.8406000,
 11783,           0.9917830,        -840.8089000,
 11784,           0.9917840,        -840.7786200,
 11785,           0.9917850,        -840.7485000,
 11786,           0.9917860,        -840.7169100,
 11787,           0.9917870,        -840.6850000,
 11788,           0.9917880,        -840.6542000,
 11789,           0.9917890,        -840.6252000,
 11790,           0.9917900,        -840.5935000,
 11791,           0.9917910,        -840.5616000,
 11792,           0.9917920,        -840.5313000,
 11793,           0.9917930,        -840.5009100,
 11794,           0.9917940,        -840.4694200,
 11795,           0.9917950,        -840.4391000,
 11796,           0.9917960,        -840.4071000,
 11797,           0.9917970,        -840.3774000,
 11798,           0.9917980,        -840.3458000,
 11799,           0.9917990,        -840.3152400,
 11800,           0.9918000,        -840.2841000,
 11801,           0.9918010,        -840.2520100,
 11802,           0.9918020,        -840.2227100,
 11803,           0.9918030,        -840.1921000,
 11804,           0.9918040,        -840.1600300,
 11805,           0.9918050,        -840.1286000,
 11806,           0.9918060,        -840.0999100,
 11807,           0.9918070,        -840.0682300,
 11808,           0.9918080,        -840.0364300,
 11809,           0.9918090,        -840.0048000,
 11810,           0.9918100,        -839.9739000,
 11811,           0.9918110,        -839.9445000,
 11812,           0.9918120,        -839.9133000,
 11813,           0.9918130,        -839.8810400,
 11814,           0.9918140,        -839.8514400,
 11815,           0.9918150,        -839.8214100,
 11816,           0.9918160,        -839.7897000,
 11817,           0.9918170,        -839.7589100,
 11818,           0.9918180,        -839.7275000,
 11819,           0.9918190,        -839.6956000,
 11820,           0.9918200,        -839.6658000,
 11821,           0.9918210,        -839.6353000,
 11822,           0.9918220,        -839.6035100,
 11823,           0.9918230,        -839.5724400,
 11824,           0.9918240,        -839.5433000,
 11825,           0.9918250,        -839.5126000,
 11826,           0.9918260,        -839.4803000,
 11827,           0.9918270,        -839.4487000,
 11828,           0.9918280,        -839.4182000,
 11829,           0.9918290,        -839.3884200,
 11830,           0.9918300,        -839.3568100,
 11831,           0.9918310,        -839.3253100,
 11832,           0.9918320,        -839.2947000,
 11833,           0.9918330,        -839.2650100,
 11834,           0.9918340,        -839.2330300,
 11835,           0.9918350,        -839.2023000,
 11836,           0.9918360,        -839.1715000,
 11837,           0.9918370,        -839.1401000,
 11838,           0.9918380,        -839.1100400,
 11839,           0.9918390,        -839.0794000,
 11840,           0.9918400,        -839.0485000,
 11841,           0.9918410,        -839.0166000,
 11842,           0.9918420,        -838.9868100,
 11843,           0.9918430,        -838.9557400,
 11844,           0.9918440,        -838.9243000,
 11845,           0.9918450,        -838.8929000,
 11846,           0.9918460,        -838.8623000,
 11847,           0.9918470,        -838.8326400,
 11848,           0.9918480,        -838.8015100,
 11849,           0.9918490,        -838.7698000,
 11850,           0.9918500,        -838.7392000,
 11851,           0.9918510,        -838.7098300,
 11852,           0.9918520,        -838.6779000,
 11853,           0.9918530,        -838.6456000,
 11854,           0.9918540,        -838.6159000,
 11855,           0.9918550,        -838.5838000,
 11856,           0.9918560,        -838.5544400,
 11857,           0.9918570,        -838.5242000,
 11858,           0.9918580,        -838.4927300,
 11859,           0.9918590,        -838.4609000,
 11860,           0.9918600,        -838.4307000,
 11861,           0.9918610,        -838.4011200,
 11862,           0.9918620,        -838.3693000,
 11863,           0.9918630,        -838.3378200,
 11864,           0.9918640,        -838.3063300,
 11865,           0.9918650,        -838.2776000,
 11866,           0.9918660,        -838.2457200,
 11867,           0.9918670,        -838.2142300,
 11868,           0.9918680,        -838.1840000,
 11869,           0.9918690,        -838.1545000,
 11870,           0.9918700,        -838.1223100,
 11871,           0.9918710,        -838.0908000,
 11872,           0.9918720,        -838.0604000,
 11873,           0.9918730,        -838.0298400,
 11874,           0.9918740,        -837.9999000,
 11875,           0.9918750,        -837.9681000,
 11876,           0.9918760,        -837.9377400,
 11877,           0.9918770,        -837.9061200,
 11878,           0.9918780,        -837.8763400,
 11879,           0.9918790,        -837.8461300,
 11880,           0.9918800,        -837.8143300,
 11881,           0.9918810,        -837.7824000,
 11882,           0.9918820,        -837.7510000,
 11883,           0.9918830,        -837.7225000,
 11884,           0.9918840,        -837.6910000,
 11885,           0.9918850,        -837.6591100,
 11886,           0.9918860,        -837.6280000,
 11887,           0.9918870,        -837.5998000,
 11888,           0.9918880,        -837.5681100,
 11889,           0.9918890,        -837.5367000,
 11890,           0.9918900,        -837.5059000,
 11891,           0.9918910,        -837.4745400,
 11892,           0.9918920,        -837.4448000,
 11893,           0.9918930,        -837.4134000,
 11894,           0.9918940,        -837.3829000,
 11895,           0.9918950,        -837.3513100,
 11896,           0.9918960,        -837.3217000,
 11897,           0.9918970,        -837.2901000,
 11898,           0.9918980,        -837.2594000,
 11899,           0.9918990,        -837.2286000,
 11900,           0.9919000,        -837.1970200,
 11901,           0.9919010,        -837.1686000,
 11902,           0.9919020,        -837.1369000,
 11903,           0.9919030,        -837.1054000,
 11904,           0.9919040,        -837.0739000,
 11905,           0.9919050,        -837.0456000,
 11906,           0.9919060,        -837.0140300,
 11907,           0.9919070,        -836.9819300,
 11908,           0.9919080,        -836.9506200,
 11909,           0.9919090,        -836.9202000,
 11910,           0.9919100,        -836.8905000,
 11911,           0.9919110,        -836.8588000,
 11912,           0.9919120,        -836.8284000,
 11913,           0.9919130,        -836.7979100,
 11914,           0.9919140,        -836.7682400,
 11915,           0.9919150,        -836.7367000,
 11916,           0.9919160,        -836.7054400,
 11917,           0.9919170,        -836.6741300,
 11918,           0.9919180,        -836.6429000,
 11919,           0.9919190,        -836.6130000,
 11920,           0.9919200,        -836.5831000,
 11921,           0.9919210,        -836.5515100,
 11922,           0.9919220,        -836.5197000,
 11923,           0.9919230,        -836.4901000,
 11924,           0.9919240,        -836.4597100,
 11925,           0.9919250,        -836.4282200,
 11926,           0.9919260,        -836.3965000,
 11927,           0.9919270,        -836.3670000,
 11928,           0.9919280,        -836.3372000,
 11929,           0.9919290,        -836.3056000,
 11930,           0.9919300,        -836.2741000,
 11931,           0.9919310,        -836.2437000,
 11932,           0.9919320,        -836.2142300,
 11933,           0.9919330,        -836.1824000,
 11934,           0.9919340,        -836.1510000,
 11935,           0.9919350,        -836.1207200,
 11936,           0.9919360,        -836.0892000,
 11937,           0.9919370,        -836.0594400,
 11938,           0.9919380,        -836.0294100,
 11939,           0.9919390,        -835.9977400,
 11940,           0.9919400,        -835.9657000,
 11941,           0.9919410,        -835.9368000,
 11942,           0.9919420,        -835.9069000,
 11943,           0.9919430,        -835.8754000,
 11944,           0.9919440,        -835.8438000,
 11945,           0.9919450,        -835.8118200,
 11946,           0.9919460,        -835.7834400,
 11947,           0.9919470,        -835.7523100,
 11948,           0.9919480,        -835.7208000,
 11949,           0.9919490,        -835.6906000,
 11950,           0.9919500,        -835.6606400,
 11951,           0.9919510,        -835.6292000,
 11952,           0.9919520,        -835.5977000,
 11953,           0.9919530,        -835.5676000,
 11954,           0.9919540,        -835.5361300,
 11955,           0.9919550,        -835.5063000,
 11956,           0.9919560,        -835.4753400,
 11957,           0.9919570,        -835.4456000,
 11958,           0.9919580,        -835.4135100,
 11959,           0.9919590,        -835.3839100,
 11960,           0.9919600,        -835.3524000,
 11961,           0.9919610,        -835.3227000,
 11962,           0.9919620,        -835.2903000,
 11963,           0.9919630,        -835.2586000,
 11964,           0.9919640,        -835.2305200,
 11965,           0.9919650,        -835.1992000,
 11966,           0.9919660,        -835.1676000,
 11967,           0.9919670,        -835.1360400,
 11968,           0.9919680,        -835.1080300,
 11969,           0.9919690,        -835.0766000,
 11970,           0.9919700,        -835.0446100,
 11971,           0.9919710,        -835.0141000,
 11972,           0.9919720,        -834.9841300,
 11973,           0.9919730,        -834.9544000,
 11974,           0.9919740,        -834.9225000,
 11975,           0.9919750,        -834.8925100,
 11976,           0.9919760,        -834.8607100,
 11977,           0.9919770,        -834.8315400,
 11978,           0.9919780,        -834.8000400,
 11979,           0.9919790,        -834.7695300,
 11980,           0.9919800,        -834.7379000,
 11981,           0.9919810,        -834.7065000,
 11982,           0.9919820,        -834.6766300,
 11983,           0.9919830,        -834.6465400,
 11984,           0.9919840,        -834.6156000,
 11985,           0.9919850,        -834.5836100,
 11986,           0.9919860,        -834.5540100,
 11987,           0.9919870,        -834.5250200,
 11988,           0.9919880,        -834.4931000,
 11989,           0.9919890,        -834.4614000,
 11990,           0.9919900,        -834.4334100,
 11991,           0.9919910,        -834.4017300,
 11992,           0.9919920,        -834.3706000,
 11993,           0.9919930,        -834.3391100,
 11994,           0.9919940,        -834.3087000,
 11995,           0.9919950,        -834.2791100,
 11996,           0.9919960,        -834.2477000,
 11997,           0.9919970,        -834.2158200,
 11998,           0.9919980,        -834.1859100,
 11999,           0.9919990,        -834.1566100,
 12000,           0.9920000,        -834.1250000,
 12001,           0.9920010,        -834.0948000,
 12002,           0.9920020,        -834.0633000,
 12003,           0.9920030,        -834.0326000,
 12004,           0.9920040,        -834.0031100,
 12005,           0.9920050,        -833.9726000,
 12006,           0.9920060,        -833.9416000,
 12007,           0.9920070,        -833.9098000,
 12008,           0.9920080,        -833.8801200,
 12009,           0.9920090,        -833.8503400,
 12010,           0.9920100,        -833.8184200,
 12011,           0.9920110,        -833.7867400,
 12012,           0.9920120,        -833.7558000,
 12013,           0.9920130,        -833.7272000,
 12014,           0.9920140,        -833.6958000,
 12015,           0.9920150,        -833.6649000,
 12016,           0.9920160,        -833.6343000,
 12017,           0.9920170,        -833.6047000,
 12018,           0.9920180,        -833.5733000,
 12019,           0.9920190,        -833.5421000,
 12020,           0.9920200,        -833.5129000,
 12021,           0.9920210,        -833.4810100,
 12022,           0.9920220,        -833.4515300,
 12023,           0.9920230,        -833.4202200,
 12024,           0.9920240,        -833.3897000,
 12025,           0.9920250,        -833.3583300,
 12026,           0.9920260,        -833.3284000,
 12027,           0.9920270,        -833.2971000,
 12028,           0.9920280,        -833.2675100,
 12029,           0.9920290,        -833.2358300,
 12030,           0.9920300,        -833.2047000,
 12031,           0.9920310,        -833.1765100,
 12032,           0.9920320,        -833.1444000,
 12033,           0.9920330,        -833.1130300,
 12034,           0.9920340,        -833.0821000,
 12035,           0.9920350,        -833.0536000,
 12036,           0.9920360,        -833.0225000,
 12037,           0.9920370,        -832.9913000,
 12038,           0.9920380,        -832.9605100,
 12039,           0.9920390,        -832.9304000,
 12040,           0.9920400,        -832.9005000,
 12041,           0.9920410,        -832.8693200,
 12042,           0.9920420,        -832.8387400,
 12043,           0.9920430,        -832.8073100,
 12044,           0.9920440,        -832.7776000,
 12045,           0.9920450,        -832.7465200,
 12046,           0.9920460,        -832.7167000,
 12047,           0.9920470,        -832.6850000,
 12048,           0.9920480,        -832.6535000,
 12049,           0.9920490,        -832.6240000,
 12050,           0.9920500,        -832.5941100,
 12051,           0.9920510,        -832.5627400,
 12052,           0.9920520,        -832.5314300,
 12053,           0.9920530,        -832.5023100,
 12054,           0.9920540,        -832.4720400,
 12055,           0.9920550,        -832.4403000,
 12056,           0.9920560,        -832.4094000,
 12057,           0.9920570,        -832.3795100,
 12058,           0.9920580,        -832.3501000,
 12059,           0.9920590,        -832.3182000,
 12060,           0.9920600,        -832.2874100,
 12061,           0.9920610,        -832.2573000,
 12062,           0.9920620,        -832.2281400,
 12063,           0.9920630,        -832.1962000,
 12064,           0.9920640,        -832.1649100,
 12065,           0.9920650,        -832.1346400,
 12066,           0.9920660,        -832.1033300,
 12067,           0.9920670,        -832.0740000,
 12068,           0.9920680,        -832.0425000,
 12069,           0.9920690,        -832.0125100,
 12070,           0.9920700,        -831.9814000,
 12071,           0.9920710,        -831.9520200,
 12072,           0.9920720,        -831.9203000,
 12073,           0.9920730,        -831.8903100,
 12074,           0.9920740,        -831.8589000,
 12075,           0.9920750,        -831.8281200,
 12076,           0.9920760,        -831.8000000,
 12077,           0.9920770,        -831.7689200,
 12078,           0.9920780,        -831.7372000,
 12079,           0.9920790,        -831.7059000,
 12080,           0.9920800,        -831.6776100,
 12081,           0.9920810,        -831.6465400,
 12082,           0.9920820,        -831.6149000,
 12083,           0.9920830,        -831.5837400,
 12084,           0.9920840,        -831.5535000,
 12085,           0.9920850,        -831.5242300,
 12086,           0.9920860,        -831.4932000,
 12087,           0.9920870,        -831.4613000,
 12088,           0.9920880,        -831.4314000,
 12089,           0.9920890,        -831.4020300,
 12090,           0.9920900,        -831.3708400,
 12091,           0.9920910,        -831.3409000,
 12092,           0.9920920,        -831.3094000,
 12093,           0.9920930,        -831.2779000,
 12094,           0.9920940,        -831.2485000,
 12095,           0.9920950,        -831.2184000,
 12096,           0.9920960,        -831.1877000,
 12097,           0.9920970,        -831.1559400,
 12098,           0.9920980,        -831.1270100,
 12099,           0.9920990,        -831.0968000,
 12100,           0.9921000,        -831.0659100,
 12101,           0.9921010,        -831.0347000,
 12102,           0.9921020,        -831.0034100,
 12103,           0.9921030,        -830.9751000,
 12104,           0.9921040,        -830.9440000,
 12105,           0.9921050,        -830.9120400,
 12106,           0.9921060,        -830.8823000,
 12107,           0.9921070,        -830.8527200,
 12108,           0.9921080,        -830.8216000,
 12109,           0.9921090,        -830.7903000,
 12110,           0.9921100,        -830.7604300,
 12111,           0.9921110,        -830.7289000,
 12112,           0.9921120,        -830.6996400,
 12113,           0.9921130,        -830.6683300,
 12114,           0.9921140,        -830.6383000,
 12115,           0.9921150,        -830.6068000,
 12116,           0.9921160,        -830.5775100,
 12117,           0.9921170,        -830.5467000,
 12118,           0.9921180,        -830.5169000,
 12119,           0.9921190,        -830.4854100,
 12120,           0.9921200,        -830.4543000,
 12121,           0.9921210,        -830.4246200,
 12122,           0.9921220,        -830.3948000,
 12123,           0.9921230,        -830.3637000,
 12124,           0.9921240,        -830.3323000,
 12125,           0.9921250,        -830.3044400,
 12126,           0.9921260,        -830.2733000,
 12127,           0.9921270,        -830.2418000,
 12128,           0.9921280,        -830.2106300,
 12129,           0.9921290,        -830.1802300,
 12130,           0.9921300,        -830.1509300,
 12131,           0.9921310,        -830.1196000,
 12132,           0.9921320,        -830.0881000,
 12133,           0.9921330,        -830.0582200,
 12134,           0.9921340,        -830.0287000,
 12135,           0.9921350,        -829.9980000,
 12136,           0.9921360,        -829.9667000,
 12137,           0.9921370,        -829.9366400,
 12138,           0.9921380,        -829.9059400,
 12139,           0.9921390,        -829.8765000,
 12140,           0.9921400,        -829.8469000,
 12141,           0.9921410,        -829.8151000,
 12142,           0.9921420,        -829.7841000,
 12143,           0.9921430,        -829.7546000,
 12144,           0.9921440,        -829.7247300,
 12145,           0.9921450,        -829.6935400,
 12146,           0.9921460,        -829.6622000,
 12147,           0.9921470,        -829.6309200,
 12148,           0.9921480,        -829.6030000,
 12149,           0.9921490,        -829.5717000,
 12150,           0.9921500,        -829.5405200,
 12151,           0.9921510,        -829.5092000,
 12152,           0.9921520,        -829.4814000,
 12153,           0.9921530,        -829.4500000,
 12154,           0.9921540,        -829.4186400,
 12155,           0.9921550,        -829.3873000,
 12156,           0.9921560,        -829.3575400,
 12157,           0.9921570,        -829.3283000,
 12158,           0.9921580,        -829.2973000,
 12159,           0.9921590,        -829.2668000,
 12160,           0.9921600,        -829.2357000,
 12161,           0.9921610,        -829.2063000,
 12162,           0.9921620,        -829.1749000,
 12163,           0.9921630,        -829.1451400,
 12164,           0.9921640,        -829.1147400,
 12165,           0.9921650,        -829.0834300,
 12166,           0.9921660,        -829.0540100,
 12167,           0.9921670,        -829.0240000,
 12168,           0.9921680,        -828.9931000,
 12169,           0.9921690,        -828.9616000,
 12170,           0.9921700,        -828.9321200,
 12171,           0.9921710,        -828.9025200,
 12172,           0.9921720,        -828.8713000,
 12173,           0.9921730,        -828.8397000,
 12174,           0.9921740,        -828.8090200,
 12175,           0.9921750,        -828.7808200,
 12176,           0.9921760,        -828.7495000,
 12177,           0.9921770,        -828.7186000,
 12178,           0.9921780,        -828.6885000,
 12179,           0.9921790,        -828.6589300,
 12180,           0.9921800,        -828.6277400,
 12181,           0.9921810,        -828.5967000,
 12182,           0.9921820,        -828.5673000,
 12183,           0.9921830,        -828.5355200,
 12184,           0.9921840,        -828.5065300,
 12185,           0.9921850,        -828.4755200,
 12186,           0.9921860,        -828.4451000,
 12187,           0.9921870,        -828.4141200,
 12188,           0.9921880,        -828.3847000,
 12189,           0.9921890,        -828.3536000,
 12190,           0.9921900,        -828.3241000,
 12191,           0.9921910,        -828.2930000,
 12192,           0.9921920,        -828.2636100,
 12193,           0.9921930,        -828.2326000,
 12194,           0.9921940,        -828.2030000,
 12195,           0.9921950,        -828.1716000,
 12196,           0.9921960,        -828.1407000,
 12197,           0.9921970,        -828.1114000,
 12198,           0.9921980,        -828.0813000,
 12199,           0.9921990,        -828.0501000,
 12200,           0.9922000,        -828.0185000,
 12201,           0.9922010,        -827.9909000,
 12202,           0.9922020,        -827.9594100,
 12203,           0.9922030,        -827.9282000,
 12204,           0.9922040,        -827.8976000,
 12205,           0.9922050,        -827.8679000,
 12206,           0.9922060,        -827.8382000,
 12207,           0.9922070,        -827.8073000,
 12208,           0.9922080,        -827.7761000,
 12209,           0.9922090,        -827.7462100,
 12210,           0.9922100,        -827.7170000,
 12211,           0.9922110,        -827.6859100,
 12212,           0.9922120,        -827.6544100,
 12213,           0.9922130,        -827.6248100,
 12214,           0.9922140,        -827.5934000,
 12215,           0.9922150,        -827.5645100,
 12216,           0.9922160,        -827.5334400,
 12217,           0.9922170,        -827.5033000,
 12218,           0.9922180,        -827.4725000,
 12219,           0.9922190,        -827.4427400,
 12220,           0.9922200,        -827.4122000,
 12221,           0.9922210,        -827.3823000,
 12222,           0.9922220,        -827.3513100,
 12223,           0.9922230,        -827.3197000,
 12224,           0.9922240,        -827.2922000,
 12225,           0.9922250,        -827.2609200,
 12226,           0.9922260,        -827.2300400,
 12227,           0.9922270,        -827.1987000,
 12228,           0.9922280,        -827.1711400,
 12229,           0.9922290,        -827.1399000,
 12230,           0.9922300,        -827.1088000,
 12231,           0.9922310,        -827.0781200,
 12232,           0.9922320,        -827.0481000,
 12233,           0.9922330,        -827.0186100,
 12234,           0.9922340,        -826.9871000,
 12235,           0.9922350,        -826.9560000,
 12236,           0.9922360,        -826.9261400,
 12237,           0.9922370,        -826.8969000,
 12238,           0.9922380,        -826.8661400,
 12239,           0.9922390,        -826.8353000,
 12240,           0.9922400,        -826.8053000,
 12241,           0.9922410,        -826.7740400,
 12242,           0.9922420,        -826.7448000,
 12243,           0.9922430,        -826.7137400,
 12244,           0.9922440,        -826.6837100,
 12245,           0.9922450,        -826.6531300,
 12246,           0.9922460,        -826.6239000,
 12247,           0.9922470,        -826.5941100,
 12248,           0.9922480,        -826.5630000,
 12249,           0.9922490,        -826.5318000,
 12250,           0.9922500,        -826.5004200,
 12251,           0.9922510,        -826.4728300,
 12252,           0.9922520,        -826.4417000,
 12253,           0.9922530,        -826.4111300,
 12254,           0.9922540,        -826.3801200,
 12255,           0.9922550,        -826.3521100,
 12256,           0.9922560,        -826.3207300,
 12257,           0.9922570,        -826.2897000,
 12258,           0.9922580,        -826.2589000,
 12259,           0.9922590,        -826.2293000,
 12260,           0.9922600,        -826.2000000,
 12261,           0.9922610,        -826.1690000,
 12262,           0.9922620,        -826.1377000,
 12263,           0.9922630,        -826.1080000,
 12264,           0.9922640,        -826.0787300,
 12265,           0.9922650,        -826.0480000,
 12266,           0.9922660,        -826.0165400,
 12267,           0.9922670,        -825.9868100,
 12268,           0.9922680,        -825.9556000,
 12269,           0.9922690,        -825.9265000,
 12270,           0.9922700,        -825.8967000,
 12271,           0.9922710,        -825.8654100,
 12272,           0.9922720,        -825.8345300,
 12273,           0.9922730,        -825.8055000,
 12274,           0.9922740,        -825.7758100,
 12275,           0.9922750,        -825.7448100,
 12276,           0.9922760,        -825.7139000,
 12277,           0.9922770,        -825.6825000,
 12278,           0.9922780,        -825.6550200,
 12279,           0.9922790,        -825.6238400,
 12280,           0.9922800,        -825.5931000,
 12281,           0.9922810,        -825.5615000,
 12282,           0.9922820,        -825.5337000,
 12283,           0.9922830,        -825.5026000,
 12284,           0.9922840,        -825.4716100,
 12285,           0.9922850,        -825.4407300,
 12286,           0.9922860,        -825.4106400,
 12287,           0.9922870,        -825.3812200,
 12288,           0.9922880,        -825.3506000,
 12289,           0.9922890,        -825.3195000,
 12290,           0.9922900,        -825.2899100,
 12291,           0.9922910,        -825.2606000,
 12292,           0.9922920,        -825.2304000,
 12293,           0.9922930,        -825.1995000,
 12294,           0.9922940,        -825.1698000,
 12295,           0.9922950,        -825.1387300,
 12296,           0.9922960,        -825.1099200,
 12297,           0.9922970,        -825.0797100,
 12298,           0.9922980,        -825.0485000,
 12299,           0.9922990,        -825.0178200,
 12300,           0.9923000,        -824.9885200,
 12301,           0.9923010,        -824.9591000,
 12302,           0.9923020,        -824.9279100,
 12303,           0.9923030,        -824.8968000,
 12304,           0.9923040,        -824.8660000,
 12305,           0.9923050,        -824.8380000,
 12306,           0.9923060,        -824.8071200,
 12307,           0.9923070,        -824.7761000,
 12308,           0.9923080,        -824.7451100,
 12309,           0.9923090,        -824.7175000,
 12310,           0.9923100,        -824.6865200,
 12311,           0.9923110,        -824.6554000,
 12312,           0.9923120,        -824.6241000,
 12313,           0.9923130,        -824.5948400,
 12314,           0.9923140,        -824.5654000,
 12315,           0.9923150,        -824.5346000,
 12316,           0.9923160,        -824.5034000,
 12317,           0.9923170,        -824.4738100,
 12318,           0.9923180,        -824.4445100,
 12319,           0.9923190,        -824.4136000,
 12320,           0.9923200,        -824.3826200,
 12321,           0.9923210,        -824.3532100,
 12322,           0.9923220,        -824.3219000,
 12323,           0.9923230,        -824.2928400,
 12324,           0.9923240,        -824.2619000,
 12325,           0.9923250,        -824.2324200,
 12326,           0.9923260,        -824.2013000,
 12327,           0.9923270,        -824.1724200,
 12328,           0.9923280,        -824.1412300,
 12329,           0.9923290,        -824.1116300,
 12330,           0.9923300,        -824.0805000,
 12331,           0.9923310,        -824.0496000,
 12332,           0.9923320,        -824.0223300,
 12333,           0.9923330,        -823.9910000,
 12334,           0.9923340,        -823.9602000,
 12335,           0.9923350,        -823.9290000,
 12336,           0.9923360,        -823.9010000,
 12337,           0.9923370,        -823.8700000,
 12338,           0.9923380,        -823.8396000,
 12339,           0.9923390,        -823.8083000,
 12340,           0.9923400,        -823.7789000,
 12341,           0.9923410,        -823.7493200,
 12342,           0.9923420,        -823.7187400,
 12343,           0.9923430,        -823.6884000,
 12344,           0.9923440,        -823.6584000,
 12345,           0.9923450,        -823.6298200,
 12346,           0.9923460,        -823.5983000,
 12347,           0.9923470,        -823.5677400,
 12348,           0.9923480,        -823.5382000,
 12349,           0.9923490,        -823.5070000,
 12350,           0.9923500,        -823.4780200,
 12351,           0.9923510,        -823.4473200,
 12352,           0.9923520,        -823.4174100,
 12353,           0.9923530,        -823.3868000,
 12354,           0.9923540,        -823.3575000,
 12355,           0.9923550,        -823.3266000,
 12356,           0.9923560,        -823.2970000,
 12357,           0.9923570,        -823.2662300,
 12358,           0.9923580,        -823.2354000,
 12359,           0.9923590,        -823.2062000,
 12360,           0.9923600,        -823.1765000,
 12361,           0.9923610,        -823.1454400,
 12362,           0.9923620,        -823.1146000,
 12363,           0.9923630,        -823.0856000,
 12364,           0.9923640,        -823.0560300,
 12365,           0.9923650,        -823.0251000,
 12366,           0.9923660,        -822.9943000,
 12367,           0.9923670,        -822.9646000,
 12368,           0.9923680,        -822.9355400,
 12369,           0.9923690,        -822.9045400,
 12370,           0.9923700,        -822.8735000,
 12371,           0.9923710,        -822.8440000,
 12372,           0.9923720,        -822.8150000,
 12373,           0.9923730,        -822.7843000,
 12374,           0.9923740,        -822.7532300,
 12375,           0.9923750,        -822.7240000,
 12376,           0.9923760,        -822.6927000,
 12377,           0.9923770,        -822.6639400,
 12378,           0.9923780,        -822.6328100,
 12379,           0.9923790,        -822.6031400,
 12380,           0.9923800,        -822.5724400,
 12381,           0.9923810,        -822.5436000,
 12382,           0.9923820,        -822.5123000,
 12383,           0.9923830,        -822.4829100,
 12384,           0.9923840,        -822.4522000,
 12385,           0.9923850,        -822.4211400,
 12386,           0.9923860,        -822.3922100,
 12387,           0.9923870,        -822.3630000,
 12388,           0.9923880,        -822.3318400,
 12389,           0.9923890,        -822.3013300,
 12390,           0.9923900,        -822.2718000,
 12391,           0.9923910,        -822.2422000,
 12392,           0.9923920,        -822.2113000,
 12393,           0.9923930,        -822.1806000,
 12394,           0.9923940,        -822.1514000,
 12395,           0.9923950,        -822.1219400,
 12396,           0.9923960,        -822.0913000,
 12397,           0.9923970,        -822.0604000,
 12398,           0.9923980,        -822.0293000,
 12399,           0.9923990,        -822.0014000,
 12400,           0.9924000,        -821.9711000,
 12401,           0.9924010,        -821.9398100,
 12402,           0.9924020,        -821.9092000,
 12403,           0.9924030,        -821.8815300,
 12404,           0.9924040,        -821.8508000,
 12405,           0.9924050,        -821.8203100,
 12406,           0.9924060,        -821.7893000,
 12407,           0.9924070,        -821.7600000,
 12408,           0.9924080,        -821.7303400,
 12409,           0.9924090,        -821.6996000,
 12410,           0.9924100,        -821.6685100,
 12411,           0.9924110,        -821.6389100,
 12412,           0.9924120,        -821.6102200,
 12413,           0.9924130,        -821.5795200,
 12414,           0.9924140,        -821.5497000,
 12415,           0.9924150,        -821.5190000,
 12416,           0.9924160,        -821.4884000,
 12417,           0.9924170,        -821.4594000,
 12418,           0.9924180,        -821.4297000,
 12419,           0.9924190,        -821.3994100,
 12420,           0.9924200,        -821.3680400,
 12421,           0.9924210,        -821.3395000,
 12422,           0.9924220,        -821.3096000,
 12423,           0.9924230,        -821.2784000,
 12424,           0.9924240,        -821.2478000,
 12425,           0.9924250,        -821.2173000,
 12426,           0.9924260,        -821.1895100,
 12427,           0.9924270,        -821.1589000,
 12428,           0.9924280,        -821.1280000,
 12429,           0.9924290,        -821.0974000,
 12430,           0.9924300,        -821.0695100,
 12431,           0.9924310,        -821.0389000,
 12432,           0.9924320,        -821.0080000,
 12433,           0.9924330,        -820.9771000,
 12434,           0.9924340,        -820.9476300,
 12435,           0.9924350,        -820.9188200,
 12436,           0.9924360,        -820.8882000,
 12437,           0.9924370,        -820.8573000,
 12438,           0.9924380,        -820.8276000,
 12439,           0.9924390,        -820.7986400,
 12440,           0.9924400,        -820.7680000,
 12441,           0.9924410,        -820.7369300,
 12442,           0.9924420,        -820.7076400,
 12443,           0.9924430,        -820.6768100,
 12444,           0.9924440,        -820.6479000,
 12445,           0.9924450,        -820.6171000,
 12446,           0.9924460,        -820.5877000,
 12447,           0.9924470,        -820.5566000,
 12448,           0.9924480,        -820.5281300,
 12449,           0.9924490,        -820.4974000,
 12450,           0.9924500,        -820.4678000,
 12451,           0.9924510,        -820.4368200,
 12452,           0.9924520,        -820.4061200,
 12453,           0.9924530,        -820.3771300,
 12454,           0.9924540,        -812.8679100,
 12455,           0.9924550,        -812.8373000,
 12456,           0.9924560,        -812.8063000,
 12457,           0.9924570,        -812.7775000,
 12458,           0.9924580,        -812.7477000,
 12459,           0.9924590,        -812.7170400,
 12460,           0.9924600,        -812.6861000,
 12461,           0.9924610,        -812.6559000,
 12462,           0.9924620,        -812.6276000,
 12463,           0.9924630,        -812.5959000,
 12464,           0.9924640,        -812.5654000,
 12465,           0.9924650,        -812.5352000,
 12466,           0.9924660,        -812.5069000,
 12467,           0.9924670,        -812.4760000,
 12468,           0.9924680,        -812.4454000,
 12469,           0.9924690,        -812.4146000,
 12470,           0.9924700,        -812.3850000,
 12471,           0.9924710,        -812.3565000,
 12472,           0.9924720,        -812.3248000,
 12473,           0.9924730,        -812.2943100,
 12474,           0.9924740,        -812.2645200,
 12475,           0.9924750,        -812.2358000,
 12476,           0.9924760,        -812.2047000,
 12477,           0.9924770,        -812.1738000,
 12478,           0.9924780,        -812.1442200,
 12479,           0.9924790,        -812.1133400,
 12480,           0.9924800,        -812.0845300,
 12481,           0.9924810,        -812.0538000,
 12482,           0.9924820,        -812.0242300,
 12483,           0.9924830,        -811.9933400,
 12484,           0.9924840,        -811.9647000,
 12485,           0.9924850,        -811.9335300,
 12486,           0.9924860,        -811.9039300,
 12487,           0.9924870,        -811.8733000,
 12488,           0.9924880,        -811.8425000,
 12489,           0.9924890,        -811.8151000,
 12490,           0.9924900,        -811.7837000,
 12491,           0.9924910,        -811.7531000,
 12492,           0.9924920,        -811.7225000,
 12493,           0.9924930,        -811.6944000,
 12494,           0.9924940,        -811.6636300,
 12495,           0.9924950,        -811.6326000,
 12496,           0.9924960,        -811.6020000,
 12497,           0.9924970,        -811.5725000,
 12498,           0.9924980,        -811.5439400,
 12499,           0.9924990,        -811.5132400,
 12500,           0.9925000,        -811.4824200,
 12501,           0.9925010,        -811.4529000,
 12502,           0.9925020,        -811.4235000,
 12503,           0.9925030,        -811.3929000,
 12504,           0.9925040,        -811.3614000,
 12505,           0.9925050,        -811.3321000,
 12506,           0.9925060,        -811.3013300,
 12507,           0.9925070,        -811.2725000,
 12508,           0.9925080,        -811.2419400,
 12509,           0.9925090,        -811.2126000,
 12510,           0.9925100,        -811.1821000,
 12511,           0.9925110,        -811.1526400,
 12512,           0.9925120,        -811.1219000,
 12513,           0.9925130,        -811.0930100,
 12514,           0.9925140,        -811.0620000,
 12515,           0.9925150,        -811.0312400,
 12516,           0.9925160,        -811.0023000,
 12517,           0.9925170,        -810.9729000,
 12518,           0.9925180,        -810.9416000,
 12519,           0.9925190,        -810.9108000,
 12520,           0.9925200,        -810.8821000,
 12521,           0.9925210,        -810.8522000,
 12522,           0.9925220,        -810.8217100,
 12523,           0.9925230,        -810.7910100,
 12524,           0.9925240,        -810.7604000,
 12525,           0.9925250,        -810.7326000,
 12526,           0.9925260,        -810.7025000,
 12527,           0.9925270,        -810.6716000,
 12528,           0.9925280,        -810.6410000,
 12529,           0.9925290,        -810.6132200,
 12530,           0.9925300,        -810.5824000,
 12531,           0.9925310,        -810.5511400,
 12532,           0.9925320,        -810.5206000,
 12533,           0.9925330,        -810.4908400,
 12534,           0.9925340,        -810.4622100,
 12535,           0.9925350,        -810.4313000,
 12536,           0.9925360,        -810.4009000,
 12537,           0.9925370,        -810.3709100,
 12538,           0.9925380,        -810.3423000,
 12539,           0.9925390,        -810.3116400,
 12540,           0.9925400,        -810.2807000,
 12541,           0.9925410,        -810.2518000,
 12542,           0.9925420,        -810.2207000,
 12543,           0.9925430,        -810.1921300,
 12544,           0.9925440,        -810.1613000,
 12545,           0.9925450,        -810.1315300,
 12546,           0.9925460,        -810.1006400,
 12547,           0.9925470,        -810.0720200,
 12548,           0.9925480,        -810.0414000,
 12549,           0.9925490,        -810.0119000,
 12550,           0.9925500,        -809.9811400,
 12551,           0.9925510,        -809.9507000,
 12552,           0.9925520,        -809.9215000,
 12553,           0.9925530,        -809.8923300,
 12554,           0.9925540,        -809.8618100,
 12555,           0.9925550,        -809.8309300,
 12556,           0.9925560,        -809.8025000,
 12557,           0.9925570,        -809.7728000,
 12558,           0.9925580,        -809.7423000,
 12559,           0.9925590,        -809.7111000,
 12560,           0.9925600,        -809.6804000,
 12561,           0.9925610,        -809.6528000,
 12562,           0.9925620,        -809.6223100,
 12563,           0.9925630,        -809.5914000,
 12564,           0.9925640,        -809.5610300,
 12565,           0.9925650,        -809.5330200,
 12566,           0.9925660,        -809.5023100,
 12567,           0.9925670,        -809.4718000,
 12568,           0.9925680,        -809.4412000,
 12569,           0.9925690,        -809.4118000,
 12570,           0.9925700,        -809.3832000,
 12571,           0.9925710,        -809.3522300,
 12572,           0.9925720,        -809.3214000,
 12573,           0.9925730,        -809.2916200,
 12574,           0.9925740,        -809.2631000,
 12575,           0.9925750,        -809.2322000,
 12576,           0.9925760,        -809.2020200,
 12577,           0.9925770,        -809.1724200,
 12578,           0.9925780,        -809.1422000,
 12579,           0.9925790,        -809.1131000,
 12580,           0.9925800,        -809.0823300,
 12581,           0.9925810,        -809.0529100,
 12582,           0.9925820,        -809.0225000,
 12583,           0.9925830,        -808.9937100,
 12584,           0.9925840,        -808.9634300,
 12585,           0.9925850,        -808.9341000,
 12586,           0.9925860,        -808.9030100,
 12587,           0.9925870,        -808.8731000,
 12588,           0.9925880,        -808.8425000,
 12589,           0.9925890,        -808.8134000,
 12590,           0.9925900,        -808.7829000,
 12591,           0.9925910,        -808.7524000,
 12592,           0.9925920,        -808.7236300,
 12593,           0.9925930,        -808.6942100,
 12594,           0.9925940,        -808.6635100,
 12595,           0.9925950,        -808.6331100,
 12596,           0.9925960,        -808.6043000,
 12597,           0.9925970,        -808.5750000,
 12598,           0.9925980,        -808.5443000,
 12599,           0.9925990,        -808.5137300,
 12600,           0.9926000,        -808.4830000,
 12601,           0.9926010,        -808.4547000,
 12602,           0.9926020,        -808.4247400,
 12603,           0.9926030,        -808.3937000,
 12604,           0.9926040,        -808.3634000,
 12605,           0.9926050,        -808.3356000,
 12606,           0.9926060,        -808.3053000,
 12607,           0.9926070,        -808.2747000,
 12608,           0.9926080,        -808.2444000,
 12609,           0.9926090,        -808.2148400,
 12610,           0.9926100,        -808.1864000,
 12611,           0.9926110,        -808.1556300,
 12612,           0.9926120,        -808.1255000,
 12613,           0.9926130,        -808.0952100,
 12614,           0.9926140,        -808.0665000,
 12615,           0.9926150,        -808.0362000,
 12616,           0.9926160,        -808.0057300,
 12617,           0.9926170,        -807.9750300,
 12618,           0.9926180,        -807.9457000,
 12619,           0.9926190,        -807.9167400,
 12620,           0.9926200,        -807.8859000,
 12621,           0.9926210,        -807.8555000,
 12622,           0.9926220,        -807.8262300,
 12623,           0.9926230,        -807.7977000,
 12624,           0.9926240,        -807.7669000,
 12625,           0.9926250,        -807.7365100,
 12626,           0.9926260,        -807.7072000,
 12627,           0.9926270,        -807.6763300,
 12628,           0.9926280,        -807.6478000,
 12629,           0.9926290,        -807.6170000,
 12630,           0.9926300,        -807.5880100,
 12631,           0.9926310,        -807.5572000,
 12632,           0.9926320,        -807.5291000,
 12633,           0.9926330,        -807.4981000,
 12634,           0.9926340,        -807.4689000,
 12635,           0.9926350,        -807.4380400,
 12636,           0.9926360,        -807.4075300,
 12637,           0.9926370,        -807.3788400,
 12638,           0.9926380,        -807.3492000,
 12639,           0.9926390,        -807.3185400,
 12640,           0.9926400,        -807.2886000,
 12641,           0.9926410,        -807.2588000,
 12642,           0.9926420,        -807.2297000,
 12643,           0.9926430,        -807.1993000,
 12644,           0.9926440,        -807.1688000,
 12645,           0.9926450,        -807.1381200,
 12646,           0.9926460,        -807.1111400,
 12647,           0.9926470,        -807.0803000,
 12648,           0.9926480,        -807.0496200,
 12649,           0.9926490,        -807.0189200,
 12650,           0.9926500,        -806.9919400,
 12651,           0.9926510,        -806.9614200,
 12652,           0.9926520,        -806.9308400,
 12653,           0.9926530,        -806.9001400,
 12654,           0.9926540,        -806.8704000,
 12655,           0.9926550,        -806.8421000,
 12656,           0.9926560,        -806.8118000,
 12657,           0.9926570,        -806.7811200,
 12658,           0.9926580,        -806.7515200,
 12659,           0.9926590,        -806.7230000,
 12660,           0.9926600,        -806.6927400,
 12661,           0.9926610,        -806.6623000,
 12662,           0.9926620,        -806.6334000,
 12663,           0.9926630,        -806.6028000,
 12664,           0.9926640,        -806.5741000,
 12665,           0.9926650,        -806.5433000,
 12666,           0.9926660,        -806.5142000,
 12667,           0.9926670,        -806.4837000,
 12668,           0.9926680,        -806.4545000,
 12669,           0.9926690,        -806.4241300,
 12670,           0.9926700,        -806.3950100,
 12671,           0.9926710,        -806.3645000,
 12672,           0.9926720,        -806.3343000,
 12673,           0.9926730,        -806.3051000,
 12674,           0.9926740,        -806.2761200,
 12675,           0.9926750,        -806.2456000,
 12676,           0.9926760,        -806.2153000,
 12677,           0.9926770,        -806.1861000,
 12678,           0.9926780,        -806.1567300,
 12679,           0.9926790,        -806.1262000,
 12680,           0.9926800,        -806.0958000,
 12681,           0.9926810,        -806.0652000,
 12682,           0.9926820,        -806.0378400,
 12683,           0.9926830,        -806.0068300,
 12684,           0.9926840,        -805.9766200,
 12685,           0.9926850,        -805.9462000,
 12686,           0.9926860,        -805.9190000,
 12687,           0.9926870,        -805.8887300,
 12688,           0.9926880,        -805.8583300,
 12689,           0.9926890,        -805.8272000,
 12690,           0.9926900,        -805.7973000,
 12691,           0.9926910,        -805.7700000,
 12692,           0.9926920,        -805.7396200,
 12693,           0.9926930,        -805.7092000,
 12694,           0.9926940,        -805.6790100,
 12695,           0.9926950,        -805.6511000,
 12696,           0.9926960,        -805.6202300,
 12697,           0.9926970,        -805.5899000,
 12698,           0.9926980,        -805.5597000,
 12699,           0.9926990,        -805.5302000,
 12700,           0.9927000,        -805.5018300,
 12701,           0.9927010,        -805.4715000,
 12702,           0.9927020,        -805.4413000,
 12703,           0.9927030,        -805.4122000,
 12704,           0.9927040,        -805.3833000,
 12705,           0.9927050,        -805.3529000,
 12706,           0.9927060,        -805.3228000,
 12707,           0.9927070,        -805.2935100,
 12708,           0.9927080,        -805.2632000,
 12709,           0.9927090,        -805.2341000,
 12710,           0.9927100,        -805.2036100,
 12711,           0.9927110,        -805.1737000,
 12712,           0.9927120,        -805.1434000,
 12713,           0.9927130,        -805.1144400,
 12714,           0.9927140,        -805.0844000,
 12715,           0.9927150,        -805.0553000,
 12716,           0.9927160,        -805.0251400,
 12717,           0.9927170,        -804.9948100,
 12718,           0.9927180,        -804.9661000,
 12719,           0.9927190,        -804.9369000,
 12720,           0.9927200,        -804.9067000,
 12721,           0.9927210,        -804.8759000,
 12722,           0.9927220,        -804.8475300,
 12723,           0.9927230,        -804.8180000,
 12724,           0.9927240,        -804.7874100,
 12725,           0.9927250,        -804.7573200,
 12726,           0.9927260,        -804.7271100,
 12727,           0.9927270,        -804.6992100,
 12728,           0.9927280,        -804.6692000,
 12729,           0.9927290,        -804.6389100,
 12730,           0.9927300,        -804.6086400,
 12731,           0.9927310,        -804.5812000,
 12732,           0.9927320,        -804.5509000,
 12733,           0.9927330,        -804.5206200,
 12734,           0.9927340,        -804.4901100,
 12735,           0.9927350,        -804.4614000,
 12736,           0.9927360,        -804.4322000,
 12737,           0.9927370,        -804.4020300,
 12738,           0.9927380,        -804.3714000,
 12739,           0.9927390,        -804.3414000,
 12740,           0.9927400,        -804.3133000,
 12741,           0.9927410,        -804.2830200,
 12742,           0.9927420,        -804.2527000,
 12743,           0.9927430,        -804.2223000,
 12744,           0.9927440,        -804.1935000,
 12745,           0.9927450,        -804.1647300,
 12746,           0.9927460,        -804.1343300,
 12747,           0.9927470,        -804.1042400,
 12748,           0.9927480,        -804.0750100,
 12749,           0.9927490,        -804.0464000,
 12750,           0.9927500,        -804.0161000,
 12751,           0.9927510,        -803.9852200,
 12752,           0.9927520,        -803.9563000,
 12753,           0.9927530,        -803.9261000,
 12754,           0.9927540,        -803.8973300,
 12755,           0.9927550,        -803.8671000,
 12756,           0.9927560,        -803.8384000,
 12757,           0.9927570,        -803.8079200,
 12758,           0.9927580,        -803.7794000,
 12759,           0.9927590,        -803.7489000,
 12760,           0.9927600,        -803.7199000,
 12761,           0.9927610,        -803.6897000,
 12762,           0.9927620,        -803.6592400,
 12763,           0.9927630,        -803.6309000,
 12764,           0.9927640,        -803.6017400,
 12765,           0.9927650,        -803.5713000,
 12766,           0.9927660,        -803.5406000,
 12767,           0.9927670,        -803.5118000,
 12768,           0.9927680,        -803.4825400,
 12769,           0.9927690,        -803.4525000,
 12770,           0.9927700,        -803.4223000,
 12771,           0.9927710,        -803.3917200,
 12772,           0.9927720,        -803.3634000,
 12773,           0.9927730,        -803.3344100,
 12774,           0.9927740,        -803.3040000,
 12775,           0.9927750,        -803.2735000,
 12776,           0.9927760,        -803.2452000,
 12777,           0.9927770,        -803.2159000,
 12778,           0.9927780,        -803.1856000,
 12779,           0.9927790,        -803.1552100,
 12780,           0.9927800,        -803.1251200,
 12781,           0.9927810,        -803.0980000,
 12782,           0.9927820,        -803.0673000,
 12783,           0.9927830,        -803.0370400,
 12784,           0.9927840,        -803.0071400,
 12785,           0.9927850,        -802.9800400,
 12786,           0.9927860,        -802.9496400,
 12787,           0.9927870,        -802.9194300,
 12788,           0.9927880,        -802.8892000,
 12789,           0.9927890,        -802.8621200,
 12790,           0.9927900,        -802.8311100,
 12791,           0.9927910,        -802.8002300,
 12792,           0.9927920,        -802.7702000,
 12793,           0.9927930,        -802.7413300,
 12794,           0.9927940,        -802.7126000,
 12795,           0.9927950,        -802.6828000,
 12796,           0.9927960,        -802.6521000,
 12797,           0.9927970,        -802.6233000,
 12798,           0.9927980,        -802.5946000,
 12799,           0.9927990,        -802.5645000,
 12800,           0.9928000,        -802.5343000,
 12801,           0.9928010,        -802.5057000,
 12802,           0.9928020,        -802.4752000,
 12803,           0.9928030,        -802.4468000,
 12804,           0.9928040,        -802.4163200,
 12805,           0.9928050,        -802.3859200,
 12806,           0.9928060,        -802.3568100,
 12807,           0.9928070,        -802.3287300,
 12808,           0.9928080,        -802.2983300,
 12809,           0.9928090,        -802.2682400,
 12810,           0.9928100,        -802.2390100,
 12811,           0.9928110,        -802.2089200,
 12812,           0.9928120,        -802.1809000,
 12813,           0.9928130,        -802.1495300,
 12814,           0.9928140,        -802.1205400,
 12815,           0.9928150,        -802.0904000,
 12816,           0.9928160,        -802.0624300,
 12817,           0.9928170,        -802.0319000,
 12818,           0.9928180,        -802.0026200,
 12819,           0.9928190,        -801.9725000,
 12820,           0.9928200,        -801.9423200,
 12821,           0.9928210,        -801.9136300,
 12822,           0.9928220,        -801.8851300,
 12823,           0.9928230,        -801.8547000,
 12824,           0.9928240,        -801.8246000,
 12825,           0.9928250,        -801.7960200,
 12826,           0.9928260,        -801.7672100,
 12827,           0.9928270,        -801.7369300,
 12828,           0.9928280,        -801.7068000,
 12829,           0.9928290,        -801.6763300,
 12830,           0.9928300,        -801.6483000,
 12831,           0.9928310,        -801.6195000,
 12832,           0.9928320,        -801.5889000,
 12833,           0.9928330,        -801.5588300,
 12834,           0.9928340,        -801.5297000,
 12835,           0.9928350,        -801.5009000,
 12836,           0.9928360,        -801.4703300,
 12837,           0.9928370,        -801.4403000,
 12838,           0.9928380,        -801.4099100,
 12839,           0.9928390,        -801.3831000,
 12840,           0.9928400,        -801.3528000,
 12841,           0.9928410,        -801.3226300,
 12842,           0.9928420,        -801.2928400,
 12843,           0.9928430,        -801.2653100,
 12844,           0.9928440,        -801.2354000,
 12845,           0.9928450,        -801.2047100,
 12846,           0.9928460,        -801.1748000,
 12847,           0.9928470,        -801.1454400,
 12848,           0.9928480,        -801.1174000,
 12849,           0.9928490,        -801.0873400,
 12850,           0.9928500,        -801.0569400,
 12851,           0.9928510,        -801.0284400,
 12852,           0.9928520,        -801.0000000,
 12853,           0.9928530,        -800.9696000,
 12854,           0.9928540,        -800.9395100,
 12855,           0.9928550,        -800.9103300,
 12856,           0.9928560,        -800.8801000,
 12857,           0.9928570,        -800.8514400,
 12858,           0.9928580,        -800.8215300,
 12859,           0.9928590,        -800.7911000,
 12860,           0.9928600,        -800.7622000,
 12861,           0.9928610,        -800.7339400,
 12862,           0.9928620,        -800.7037300,
 12863,           0.9928630,        -800.6737000,
 12864,           0.9928640,        -800.6449000,
 12865,           0.9928650,        -800.6145000,
 12866,           0.9928660,        -800.5864200,
 12867,           0.9928670,        -800.5562100,
 12868,           0.9928680,        -800.5271000,
 12869,           0.9928690,        -800.4973100,
 12870,           0.9928700,        -800.4687400,
 12871,           0.9928710,        -800.4388000,
 12872,           0.9928720,        -800.4096000,
 12873,           0.9928730,        -800.3798000,
 12874,           0.9928740,        -800.3484000,
 12875,           0.9928750,        -800.3204300,
 12876,           0.9928760,        -800.2916200,
 12877,           0.9928770,        -800.2616000,
 12878,           0.9928780,        -800.2315000,
 12879,           0.9928790,        -800.2034000,
 12880,           0.9928800,        -800.1733000,
 12881,           0.9928810,        -800.1438000,
 12882,           0.9928820,        -800.1140000,
 12883,           0.9928830,        -800.0843000,
 12884,           0.9928840,        -800.0555000,
 12885,           0.9928850,        -800.0270000,
 12886,           0.9928860,        -799.9964000,
 12887,           0.9928870,        -799.9667300,
 12888,           0.9928880,        -799.9382000,
 12889,           0.9928890,        -799.9096000,
 12890,           0.9928900,        -799.8795100,
 12891,           0.9928910,        -799.8489300,
 12892,           0.9928920,        -799.8193300,
 12893,           0.9928930,        -799.7915000,
 12894,           0.9928940,        -799.7610400,
 12895,           0.9928950,        -799.7313200,
 12896,           0.9928960,        -799.7015300,
 12897,           0.9928970,        -799.6744000,
 12898,           0.9928980,        -799.6446000,
 12899,           0.9928990,        -799.6141000,
 12900,           0.9929000,        -799.5839000,
 12901,           0.9929010,        -799.5549300,
 12902,           0.9929020,        -799.5267300,
 12903,           0.9929030,        -799.4969400,
 12904,           0.9929040,        -799.4667300,
 12905,           0.9929050,        -799.4366400,
 12906,           0.9929060,        -799.4098000,
 12907,           0.9929070,        -799.3795000,
 12908,           0.9929080,        -799.3497300,
 12909,           0.9929090,        -799.3196000,
 12910,           0.9929100,        -799.2899000,
 12911,           0.9929110,        -799.2620000,
 12912,           0.9929120,        -799.2319000,
 12913,           0.9929130,        -799.2019000,
 12914,           0.9929140,        -799.1727200,
 12915,           0.9929150,        -799.1445000,
 12916,           0.9929160,        -799.1143000,
 12917,           0.9929170,        -799.0844100,
 12918,           0.9929180,        -799.0558000,
 12919,           0.9929190,        -799.0256300,
 12920,           0.9929200,        -798.9974000,
 12921,           0.9929210,        -798.9675200,
 12922,           0.9929220,        -798.9376000,
 12923,           0.9929230,        -798.9089300,
 12924,           0.9929240,        -798.8809000,
 12925,           0.9929250,        -798.8505200,
 12926,           0.9929260,        -798.8201000,
 12927,           0.9929270,        -798.7907100,
 12928,           0.9929280,        -798.7607400,
 12929,           0.9929290,        -798.7324200,
 12930,           0.9929300,        -798.7028000,
 12931,           0.9929310,        -798.6738000,
 12932,           0.9929320,        -798.6439000,
 12933,           0.9929330,        -798.6157000,
 12934,           0.9929340,        -798.5858000,
 12935,           0.9929350,        -798.5569000,
 12936,           0.9929360,        -798.5269100,
 12937,           0.9929370,        -798.4971000,
 12938,           0.9929380,        -798.4685000,
 12939,           0.9929390,        -798.4401200,
 12940,           0.9929400,        -798.4100000,
 12941,           0.9929410,        -798.3798000,
 12942,           0.9929420,        -798.3510000,
 12943,           0.9929430,        -798.3211000,
 12944,           0.9929440,        -798.2921100,
 12945,           0.9929450,        -798.2621000,
 12946,           0.9929460,        -798.2324200,
 12947,           0.9929470,        -798.2037000,
 12948,           0.9929480,        -798.1755000,
 12949,           0.9929490,        -798.1456200,
 12950,           0.9929500,        -798.1157200,
 12951,           0.9929510,        -798.0874000,
 12952,           0.9929520,        -798.0585300,
 12953,           0.9929530,        -798.0287400,
 12954,           0.9929540,        -797.9984000,
 12955,           0.9929550,        -797.9684000,
 12956,           0.9929560,        -797.9415200,
 12957,           0.9929570,        -797.9116200,
 12958,           0.9929580,        -797.8809200,
 12959,           0.9929590,        -797.8512000,
 12960,           0.9929600,        -797.8229000,
 12961,           0.9929610,        -797.7946000,
 12962,           0.9929620,        -797.7640300,
 12963,           0.9929630,        -797.7342000,
 12964,           0.9929640,        -797.7045000,
 12965,           0.9929650,        -797.6774000,
 12966,           0.9929660,        -797.6476400,
 12967,           0.9929670,        -797.6176100,
 12968,           0.9929680,        -797.5875200,
 12969,           0.9929690,        -797.5607200,
 12970,           0.9929700,        -797.5308200,
 12971,           0.9929710,        -797.5007000,
 12972,           0.9929720,        -797.4708000,
 12973,           0.9929730,        -797.4426000,
 12974,           0.9929740,        -797.4133000,
 12975,           0.9929750,        -797.3836000,
 12976,           0.9929760,        -797.3538000,
 12977,           0.9929770,        -797.3248000,
 12978,           0.9929780,        -797.2969300,
 12979,           0.9929790,        -797.2668000,
 12980,           0.9929800,        -797.2371000,
 12981,           0.9929810,        -797.2068000,
 12982,           0.9929820,        -797.1797000,
 12983,           0.9929830,        -797.1500200,
 12984,           0.9929840,        -797.1199300,
 12985,           0.9929850,        -797.0905100,
 12986,           0.9929860,        -797.0616000,
 12987,           0.9929870,        -797.0339300,
 12988,           0.9929880,        -797.0032300,
 12989,           0.9929890,        -796.9731000,
 12990,           0.9929900,        -796.9447000,
 12991,           0.9929910,        -796.9164000,
 12992,           0.9929920,        -796.8864100,
 12993,           0.9929930,        -796.8565000,
 12994,           0.9929940,        -796.8275000,
 12995,           0.9929950,        -796.7982000,
 12996,           0.9929960,        -796.7695000,
 12997,           0.9929970,        -796.7399000,
 12998,           0.9929980,        -796.7099000,
 12999,           0.9929990,        -796.6815000,
 13000,           0.9930000,        -796.6533000,
 13001,           0.9930010,        -796.6234000,
 13002,           0.9930020,        -796.5934000,
 13003,           0.9930030,        -796.5643300,
 13004,           0.9930040,        -796.5347000,
 13005,           0.9930050,        -796.5066000,
 13006,           0.9930060,        -796.4764400,
 13007,           0.9930070,        -796.4481200,
 13008,           0.9930080,        -796.4178000,
 13009,           0.9930090,        -796.3895000,
 13010,           0.9930100,        -796.3601000,
 13011,           0.9930110,        -796.3300100,
 13012,           0.9930120,        -796.3015000,
 13013,           0.9930130,        -796.2718000,
 13014,           0.9930140,        -796.2436000,
 13015,           0.9930150,        -796.2139000,
 13016,           0.9930160,        -796.1844400,
 13017,           0.9930170,        -796.1547000,
 13018,           0.9930180,        -796.1272000,
 13019,           0.9930190,        -796.0969000,
 13020,           0.9930200,        -796.0685400,
 13021,           0.9930210,        -796.0386000,
 13022,           0.9930220,        -796.0083000,
 13023,           0.9930230,        -795.9806000,
 13024,           0.9930240,        -795.9515300,
 13025,           0.9930250,        -795.9219000,
 13026,           0.9930260,        -795.8924000,
 13027,           0.9930270,        -795.8638300,
 13028,           0.9930280,        -795.8340400,
 13029,           0.9930290,        -795.8052000,
 13030,           0.9930300,        -795.7752000,
 13031,           0.9930310,        -795.7455400,
 13032,           0.9930320,        -795.7172200,
 13033,           0.9930330,        -795.6889000,
 13034,           0.9930340,        -795.6592400,
 13035,           0.9930350,        -795.6290000,
 13036,           0.9930360,        -795.6011000,
 13037,           0.9930370,        -795.5723000,
 13038,           0.9930380,        -795.5422300,
 13039,           0.9930390,        -795.5129000,
 13040,           0.9930400,        -795.4833000,
 13041,           0.9930410,        -795.4563000,
 13042,           0.9930420,        -795.4265100,
 13043,           0.9930430,        -795.3964000,
 13044,           0.9930440,        -795.3659000,
 13045,           0.9930450,        -795.3380100,
 13046,           0.9930460,        -795.3096300,
 13047,           0.9930470,        -795.2802000,
 13048,           0.9930480,        -795.2498100,
 13049,           0.9930490,        -795.2204000,
 13050,           0.9930500,        -795.1932000,
 13051,           0.9930510,        -795.1636000,
 13052,           0.9930520,        -795.1340000,
 13053,           0.9930530,        -795.1041200,
 13054,           0.9930540,        -795.0776300,
 13055,           0.9930550,        -795.0477200,
 13056,           0.9930560,        -795.0173000,
 13057,           0.9930570,        -794.9874200,
 13058,           0.9930580,        -794.9575100,
 13059,           0.9930590,        -794.9312100,
 13060,           0.9930600,        -794.9015000,
 13061,           0.9930610,        -794.8714000,
 13062,           0.9930620,        -794.8416000,
 13063,           0.9930630,        -794.8146000,
 13064,           0.9930640,        -794.7850300,
 13065,           0.9930650,        -794.7555000,
 13066,           0.9930660,        -794.7255000,
 13067,           0.9930670,        -794.6974000,
 13068,           0.9930680,        -794.6688200,
 13069,           0.9930690,        -794.6385400,
 13070,           0.9930700,        -794.6089400,
 13071,           0.9930710,        -794.5803200,
 13072,           0.9930720,        -794.5527300,
 13073,           0.9930730,        -794.5229400,
 13074,           0.9930740,        -794.4932200,
 13075,           0.9930750,        -794.4632000,
 13076,           0.9930760,        -794.4347000,
 13077,           0.9930770,        -794.4069000,
 13078,           0.9930780,        -794.3773000,
 13079,           0.9930790,        -794.3472200,
 13080,           0.9930800,        -794.3189000,
 13081,           0.9930810,        -794.2902000,
 13082,           0.9930820,        -794.2609200,
 13083,           0.9930830,        -794.2313200,
 13084,           0.9930840,        -794.2024000,
 13085,           0.9930850,        -794.1727200,
 13086,           0.9930860,        -794.1448000,
 13087,           0.9930870,        -794.1151100,
 13088,           0.9930880,        -794.0853200,
 13089,           0.9930890,        -794.0565100,
 13090,           0.9930900,        -794.0287000,
 13091,           0.9930910,        -793.9988400,
 13092,           0.9930920,        -793.9694000,
 13093,           0.9930930,        -793.9411000,
 13094,           0.9930940,        -793.9108000,
 13095,           0.9930950,        -793.8828100,
 13096,           0.9930960,        -793.8531400,
 13097,           0.9930970,        -793.8246000,
 13098,           0.9930980,        -793.7950400,
 13099,           0.9930990,        -793.7670000,
 13100,           0.9931000,        -793.7371200,
 13101,           0.9931010,        -793.7077000,
 13102,           0.9931020,        -793.6793200,
 13103,           0.9931030,        -793.6495300,
 13104,           0.9931040,        -793.6214000,
 13105,           0.9931050,        -793.5916100,
 13106,           0.9931060,        -793.5624000,
 13107,           0.9931070,        -793.5333000,
 13108,           0.9931080,        -793.5050000,
 13109,           0.9931090,        -793.4756400,
 13110,           0.9931100,        -793.4476000,
 13111,           0.9931110,        -793.4173000,
 13112,           0.9931120,        -793.3881000,
 13113,           0.9931130,        -793.3597000,
 13114,           0.9931140,        -793.3301000,
 13115,           0.9931150,        -793.3018100,
 13116,           0.9931160,        -793.2721000,
 13117,           0.9931170,        -793.2437100,
 13118,           0.9931180,        -793.2137400,
 13119,           0.9931190,        -793.1854000,
 13120,           0.9931200,        -793.1562000,
 13121,           0.9931210,        -793.1262000,
 13122,           0.9931220,        -793.0985100,
 13123,           0.9931230,        -793.0699400,
 13124,           0.9931240,        -793.0404000,
 13125,           0.9931250,        -793.0106000,
 13126,           0.9931260,        -792.9830000,
 13127,           0.9931270,        -792.9533000,
 13128,           0.9931280,        -792.9247000,
 13129,           0.9931290,        -792.8944000,
 13130,           0.9931300,        -792.8649200,
 13131,           0.9931310,        -792.8368000,
 13132,           0.9931320,        -792.8087000,
 13133,           0.9931330,        -792.7791000,
 13134,           0.9931340,        -792.7495100,
 13135,           0.9931350,        -792.7213000,
 13136,           0.9931360,        -792.6932300,
 13137,           0.9931370,        -792.6637000,
 13138,           0.9931380,        -792.6341000,
 13139,           0.9931390,        -792.6049000,
 13140,           0.9931400,        -792.5767200,
 13141,           0.9931410,        -792.5477200,
 13142,           0.9931420,        -792.5177000,
 13143,           0.9931430,        -792.4885000,
 13144,           0.9931440,        -792.4603000,
 13145,           0.9931450,        -792.4321200,
 13146,           0.9931460,        -792.4024000,
 13147,           0.9931470,        -792.3730000,
 13148,           0.9931480,        -792.3434400,
 13149,           0.9931490,        -792.3167000,
 13150,           0.9931500,        -792.2872000,
 13151,           0.9931510,        -792.2575000,
 13152,           0.9931520,        -792.2274000,
 13153,           0.9931530,        -792.1994000,
 13154,           0.9931540,        -792.1714000,
 13155,           0.9931550,        -792.1420000,
 13156,           0.9931560,        -792.1118000,
 13157,           0.9931570,        -792.0826000,
 13158,           0.9931580,        -792.0556000,
 13159,           0.9931590,        -792.0264000,
 13160,           0.9931600,        -791.9969400,
 13161,           0.9931610,        -791.9673000,
 13162,           0.9931620,        -791.9398100,
 13163,           0.9931630,        -791.9103000,
 13164,           0.9931640,        -791.8812200,
 13165,           0.9931650,        -791.8514000,
 13166,           0.9931660,        -791.8218000,
 13167,           0.9931670,        -791.7952200,
 13168,           0.9931680,        -791.7659300,
 13169,           0.9931690,        -791.7358300,
 13170,           0.9931700,        -791.7064200,
 13171,           0.9931710,        -791.6799300,
 13172,           0.9931720,        -791.6505000,
 13173,           0.9931730,        -791.6210300,
 13174,           0.9931740,        -791.5909400,
 13175,           0.9931750,        -791.5625000,
 13176,           0.9931760,        -791.5346000,
 13177,           0.9931770,        -791.5053100,
 13178,           0.9931780,        -791.4752100,
 13179,           0.9931790,        -791.4460400,
 13180,           0.9931800,        -791.4197300,
 13181,           0.9931810,        -791.3900100,
 13182,           0.9931820,        -791.3606000,
 13183,           0.9931830,        -791.3306000,
 13184,           0.9931840,        -791.3037100,
 13185,           0.9931850,        -791.2745300,
 13186,           0.9931860,        -791.2450000,
 13187,           0.9931870,        -791.2150200,
 13188,           0.9931880,        -791.1857200,
 13189,           0.9931890,        -791.1591000,
 13190,           0.9931900,        -791.1300000,
 13191,           0.9931910,        -791.1000300,
 13192,           0.9931920,        -791.0704300,
 13193,           0.9931930,        -791.0440000,
 13194,           0.9931940,        -791.0150000,
 13195,           0.9931950,        -790.9849200,
 13196,           0.9931960,        -790.9548300,
 13197,           0.9931970,        -790.9268100,
 13198,           0.9931980,        -790.8988000,
 13199,           0.9931990,        -790.8699000,
 13200,           0.9932000,        -790.8398000,
 13201,           0.9932010,        -790.8106000,
 13202,           0.9932020,        -790.7842000,
 13203,           0.9932030,        -790.7547000,
 13204,           0.9932040,        -790.7250300,
 13205,           0.9932050,        -790.6949000,
 13206,           0.9932060,        -790.6667400,
 13207,           0.9932070,        -790.6393000,
 13208,           0.9932080,        -790.6099000,
 13209,           0.9932090,        -790.5801300,
 13210,           0.9932100,        -790.5518000,
 13211,           0.9932110,        -790.5240400,
 13212,           0.9932120,        -790.4951100,
 13213,           0.9932130,        -790.4652000,
 13214,           0.9932140,        -790.4359100,
 13215,           0.9932150,        -790.4077000,
 13216,           0.9932160,        -790.3790000,
 13217,           0.9932170,        -790.3498000,
 13218,           0.9932180,        -790.3204000,
 13219,           0.9932190,        -790.2922300,
 13220,           0.9932200,        -790.2645200,
 13221,           0.9932210,        -790.2353000,
 13222,           0.9932220,        -790.2054000,
 13223,           0.9932230,        -790.1761400,
 13224,           0.9932240,        -790.1477000,
 13225,           0.9932250,        -790.1193200,
 13226,           0.9932260,        -790.0898400,
 13227,           0.9932270,        -790.0605400,
 13228,           0.9932280,        -790.0322200,
 13229,           0.9932290,        -790.0049000,
 13230,           0.9932300,        -789.9753000,
 13231,           0.9932310,        -789.9461000,
 13232,           0.9932320,        -789.9182000,
 13233,           0.9932330,        -789.8885000,
 13234,           0.9932340,        -789.8608300,
 13235,           0.9932350,        -789.8308100,
 13236,           0.9932360,        -789.8010000,
 13237,           0.9932370,        -789.7731000,
 13238,           0.9932380,        -789.7451100,
 13239,           0.9932390,        -789.7158000,
 13240,           0.9932400,        -789.6867000,
 13241,           0.9932410,        -789.6586300,
 13242,           0.9932420,        -789.6292000,
 13243,           0.9932430,        -789.6016000,
 13244,           0.9932440,        -789.5721000,
 13245,           0.9932450,        -789.5419000,
 13246,           0.9932460,        -789.5140000,
 13247,           0.9932470,        -789.4863000,
 13248,           0.9932480,        -789.4571000,
 13249,           0.9932490,        -789.4275000,
 13250,           0.9932500,        -789.3992300,
 13251,           0.9932510,        -789.3696000,
 13252,           0.9932520,        -789.3423000,
 13253,           0.9932530,        -789.3127000,
 13254,           0.9932540,        -789.2834400,
 13255,           0.9932550,        -789.2546000,
 13256,           0.9932560,        -789.2271100,
 13257,           0.9932570,        -789.1974400,
 13258,           0.9932580,        -789.1681000,
 13259,           0.9932590,        -789.1401300,
 13260,           0.9932600,        -789.1111000,
 13261,           0.9932610,        -789.0831200,
 13262,           0.9932620,        -789.0538300,
 13263,           0.9932630,        -789.0258000,
 13264,           0.9932640,        -788.9965200,
 13265,           0.9932650,        -788.9680000,
 13266,           0.9932660,        -788.9385300,
 13267,           0.9932670,        -788.9089000,
 13268,           0.9932680,        -788.8812000,
 13269,           0.9932690,        -788.8522300,
 13270,           0.9932700,        -788.8243000,
 13271,           0.9932710,        -788.7947300,
 13272,           0.9932720,        -788.7670200,
 13273,           0.9932730,        -788.7374000,
 13274,           0.9932740,        -788.7094100,
 13275,           0.9932750,        -788.6802300,
 13276,           0.9932760,        -788.6506300,
 13277,           0.9932770,        -788.6223000,
 13278,           0.9932780,        -788.5932000,
 13279,           0.9932790,        -788.5654000,
 13280,           0.9932800,        -788.5364300,
 13281,           0.9932810,        -788.5083000,
 13282,           0.9932820,        -788.4789000,
 13283,           0.9932830,        -788.4504300,
 13284,           0.9932840,        -788.4213200,
 13285,           0.9932850,        -788.3921000,
 13286,           0.9932860,        -788.3641000,
 13287,           0.9932870,        -788.3349000,
 13288,           0.9932880,        -788.3071200,
 13289,           0.9932890,        -788.2778000,
 13290,           0.9932900,        -788.2499300,
 13291,           0.9932910,        -788.2203000,
 13292,           0.9932920,        -788.1922000,
 13293,           0.9932930,        -788.1627100,
 13294,           0.9932940,        -788.1351300,
 13295,           0.9932950,        -788.1057100,
 13296,           0.9932960,        -788.0764000,
 13297,           0.9932970,        -788.0488000,
 13298,           0.9932980,        -788.0197100,
 13299,           0.9932990,        -787.9914000,
 13300,           0.9933000,        -787.9624000,
 13301,           0.9933010,        -787.9348000,
 13302,           0.9933020,        -787.9046000,
 13303,           0.9933030,        -787.8764000,
 13304,           0.9933040,        -787.8474000,
 13305,           0.9933050,        -787.8179300,
 13306,           0.9933060,        -787.7906400,
 13307,           0.9933070,        -787.7616000,
 13308,           0.9933080,        -787.7337000,
 13309,           0.9933090,        -787.7039000,
 13310,           0.9933100,        -787.6767000,
 13311,           0.9933110,        -787.6467000,
 13312,           0.9933120,        -787.6187000,
 13313,           0.9933130,        -787.5895000,
 13314,           0.9933140,        -787.5602400,
 13315,           0.9933150,        -787.5325300,
 13316,           0.9933160,        -787.5034000,
 13317,           0.9933170,        -787.4754000,
 13318,           0.9933180,        -787.4460400,
 13319,           0.9933190,        -787.4188000,
 13320,           0.9933200,        -787.3890300,
 13321,           0.9933210,        -787.3609000,
 13322,           0.9933220,        -787.3316000,
 13323,           0.9933230,        -787.3026000,
 13324,           0.9933240,        -787.2748000,
 13325,           0.9933250,        -787.2452300,
 13326,           0.9933260,        -787.2173400,
 13327,           0.9933270,        -787.1885300,
 13328,           0.9933280,        -787.1601000,
 13329,           0.9933290,        -787.1310000,
 13330,           0.9933300,        -787.1026000,
 13331,           0.9933310,        -787.0735000,
 13332,           0.9933320,        -787.0443100,
 13333,           0.9933330,        -787.0172000,
 13334,           0.9933340,        -786.9876000,
 13335,           0.9933350,        -786.9602000,
 13336,           0.9933360,        -786.9307000,
 13337,           0.9933370,        -786.9026400,
 13338,           0.9933380,        -786.8734100,
 13339,           0.9933390,        -786.8457000,
 13340,           0.9933400,        -786.8166000,
 13341,           0.9933410,        -786.7871000,
 13342,           0.9933420,        -786.7595200,
 13343,           0.9933430,        -786.7316000,
 13344,           0.9933440,        -786.7028000,
 13345,           0.9933450,        -786.6730300,
 13346,           0.9933460,        -786.6451400,
 13347,           0.9933470,        -786.6160000,
 13348,           0.9933480,        -786.5878200,
 13349,           0.9933490,        -786.5587000,
 13350,           0.9933500,        -786.5298000,
 13351,           0.9933510,        -786.5024000,
 13352,           0.9933520,        -786.4745400,
 13353,           0.9933530,        -786.4451000,
 13354,           0.9933540,        -786.4161000,
 13355,           0.9933550,        -786.3878000,
 13356,           0.9933560,        -786.3591000,
 13357,           0.9933570,        -786.3309300,
 13358,           0.9933580,        -786.3013300,
 13359,           0.9933590,        -786.2725200,
 13360,           0.9933600,        -786.2448100,
 13361,           0.9933610,        -786.2171000,
 13362,           0.9933620,        -786.1879000,
 13363,           0.9933630,        -786.1584400,
 13364,           0.9933640,        -786.1310000,
 13365,           0.9933650,        -786.1016200,
 13366,           0.9933660,        -786.0737000,
 13367,           0.9933670,        -786.0452200,
 13368,           0.9933680,        -786.0155000,
 13369,           0.9933690,        -785.9879000,
 13370,           0.9933700,        -785.9600200,
 13371,           0.9933710,        -785.9307000,
 13372,           0.9933720,        -785.9012400,
 13373,           0.9933730,        -785.8737100,
 13374,           0.9933740,        -785.8450300,
 13375,           0.9933750,        -785.8167000,
 13376,           0.9933760,        -785.7877100,
 13377,           0.9933770,        -785.7603000,
 13378,           0.9933780,        -785.7313200,
 13379,           0.9933790,        -785.7034000,
 13380,           0.9933800,        -785.6733000,
 13381,           0.9933810,        -785.6447100,
 13382,           0.9933820,        -785.6172400,
 13383,           0.9933830,        -785.5878000,
 13384,           0.9933840,        -785.5599000,
 13385,           0.9933850,        -785.5311200,
 13386,           0.9933860,        -785.5036000,
 13387,           0.9933870,        -785.4748000,
 13388,           0.9933880,        -785.4461000,
 13389,           0.9933890,        -785.4170000,
 13390,           0.9933900,        -785.3877000,
 13391,           0.9933910,        -785.3604100,
 13392,           0.9933920,        -785.3314000,
 13393,           0.9933930,        -785.3033400,
 13394,           0.9933940,        -785.2748000,
 13395,           0.9933950,        -785.2474000,
 13396,           0.9933960,        -785.2174000,
 13397,           0.9933970,        -785.1896000,
 13398,           0.9933980,        -785.1600300,
 13399,           0.9933990,        -785.1314000,
 13400,           0.9934000,        -785.1041000,
 13401,           0.9934010,        -785.0752000,
 13402,           0.9934020,        -785.0472400,
 13403,           0.9934030,        -785.0181200,
 13404,           0.9934040,        -784.9902000,
 13405,           0.9934050,        -784.9613000,
 13406,           0.9934060,        -784.9335000,
 13407,           0.9934070,        -784.9040000,
 13408,           0.9934080,        -784.8752400,
 13409,           0.9934090,        -784.8480200,
 13410,           0.9934100,        -784.8185400,
 13411,           0.9934110,        -784.7906400,
 13412,           0.9934120,        -784.7621000,
 13413,           0.9934130,        -784.7344000,
 13414,           0.9934140,        -784.7046000,
 13415,           0.9934150,        -784.6772000,
 13416,           0.9934160,        -784.6480100,
 13417,           0.9934170,        -784.6191000,
 13418,           0.9934180,        -784.5918000,
 13419,           0.9934190,        -784.5629200,
 13420,           0.9934200,        -784.5352000,
 13421,           0.9934210,        -784.5056100,
 13422,           0.9934220,        -784.4780200,
 13423,           0.9934230,        -784.4488000,
 13424,           0.9934240,        -784.4199000,
 13425,           0.9934250,        -784.3920000,
 13426,           0.9934260,        -784.3630300,
 13427,           0.9934270,        -784.3361000,
 13428,           0.9934280,        -784.3068000,
 13429,           0.9934290,        -784.2785000,
 13430,           0.9934300,        -784.2493200,
 13431,           0.9934310,        -784.2223000,
 13432,           0.9934320,        -784.1932300,
 13433,           0.9934330,        -784.1645000,
 13434,           0.9934340,        -784.1365000,
 13435,           0.9934350,        -784.1072000,
 13436,           0.9934360,        -784.0794000,
 13437,           0.9934370,        -784.0504000,
 13438,           0.9934380,        -784.0229400,
 13439,           0.9934390,        -783.9937000,
 13440,           0.9934400,        -783.9661000,
 13441,           0.9934410,        -783.9377400,
 13442,           0.9934420,        -783.9084400,
 13443,           0.9934430,        -783.8810400,
 13444,           0.9934440,        -783.8510100,
 13445,           0.9934450,        -783.8242000,
 13446,           0.9934460,        -783.7950000,
 13447,           0.9934470,        -783.7670200,
 13448,           0.9934480,        -783.7383400,
 13449,           0.9934490,        -783.7110000,
 13450,           0.9934500,        -783.6821200,
 13451,           0.9934510,        -783.6531300,
 13452,           0.9934520,        -783.6246300,
 13453,           0.9934530,        -783.5956400,
 13454,           0.9934540,        -783.5684000,
 13455,           0.9934550,        -783.5396100,
 13456,           0.9934560,        -783.5121400,
 13457,           0.9934570,        -783.4833300,
 13458,           0.9934580,        -783.4558100,
 13459,           0.9934590,        -783.4266000,
 13460,           0.9934600,        -783.3969100,
 13461,           0.9934610,        -783.3695000,
 13462,           0.9934620,        -783.3411200,
 13463,           0.9934630,        -783.3131100,
 13464,           0.9934640,        -783.2842000,
 13465,           0.9934650,        -783.2567100,
 13466,           0.9934660,        -783.2277000,
 13467,           0.9934670,        -783.2000000,
 13468,           0.9934680,        -783.1709000,
 13469,           0.9934690,        -783.1418000,
 13470,           0.9934700,        -783.1147400,
 13471,           0.9934710,        -783.0854400,
 13472,           0.9934720,        -783.0584100,
 13473,           0.9934730,        -783.0294100,
 13474,           0.9934740,        -783.0008000,
 13475,           0.9934750,        -782.9725000,
 13476,           0.9934760,        -782.9448200,
 13477,           0.9934770,        -782.9162000,
 13478,           0.9934780,        -782.8872000,
 13479,           0.9934790,        -782.8593000,
 13480,           0.9934800,        -782.8305000,
 13481,           0.9934810,        -782.8033400,
 13482,           0.9934820,        -782.7740400,
 13483,           0.9934830,        -782.7448100,
 13484,           0.9934840,        -782.7171000,
 13485,           0.9934850,        -782.6906100,
 13486,           0.9934860,        -782.6613000,
 13487,           0.9934870,        -782.6324400,
 13488,           0.9934880,        -782.6047300,
 13489,           0.9934890,        -782.5759200,
 13490,           0.9934900,        -782.5481000,
 13491,           0.9934910,        -782.5190400,
 13492,           0.9934920,        -782.4904000,
 13493,           0.9934930,        -782.4628200,
 13494,           0.9934940,        -782.4355000,
 13495,           0.9934950,        -782.4071000,
 13496,           0.9934960,        -782.3777000,
 13497,           0.9934970,        -782.3501000,
 13498,           0.9934980,        -782.3208000,
 13499,           0.9934990,        -782.2935100,
 13500,           0.9935000,        -782.2646000,
 13501,           0.9935010,        -782.2360000,
 13502,           0.9935020,        -782.2086100,
 13503,           0.9935030,        -782.1813000,
 13504,           0.9935040,        -782.1517000,
 13505,           0.9935050,        -782.1229000,
 13506,           0.9935060,        -782.0942300,
 13507,           0.9935070,        -782.0665000,
 13508,           0.9935080,        -782.0394000,
 13509,           0.9935090,        -782.0103100,
 13510,           0.9935100,        -781.9816200,
 13511,           0.9935110,        -781.9539100,
 13512,           0.9935120,        -781.9263000,
 13513,           0.9935130,        -781.8978200,
 13514,           0.9935140,        -781.8688000,
 13515,           0.9935150,        -781.8401400,
 13516,           0.9935160,        -781.8124000,
 13517,           0.9935170,        -781.7852000,
 13518,           0.9935180,        -781.7563400,
 13519,           0.9935190,        -781.7267400,
 13520,           0.9935200,        -781.6994000,
 13521,           0.9935210,        -781.6724000,
 13522,           0.9935220,        -781.6433100,
 13523,           0.9935230,        -781.6149200,
 13524,           0.9935240,        -781.5858000,
 13525,           0.9935250,        -781.5581000,
 13526,           0.9935260,        -781.5308000,
 13527,           0.9935270,        -781.5018300,
 13528,           0.9935280,        -781.4731000,
 13529,           0.9935290,        -781.4440300,
 13530,           0.9935300,        -781.4183000,
 13531,           0.9935310,        -781.3896400,
 13532,           0.9935320,        -781.3607000,
 13533,           0.9935330,        -781.3318400,
 13534,           0.9935340,        -781.3037100,
 13535,           0.9935350,        -781.2770300,
 13536,           0.9935360,        -781.2476100,
 13537,           0.9935370,        -781.2191100,
 13538,           0.9935380,        -781.1906000,
 13539,           0.9935390,        -781.1647000,
 13540,           0.9935400,        -781.1352000,
 13541,           0.9935410,        -781.1065000,
 13542,           0.9935420,        -781.0777000,
 13543,           0.9935430,        -781.0502300,
 13544,           0.9935440,        -781.0231300,
 13545,           0.9935450,        -780.9944000,
 13546,           0.9935460,        -780.9656300,
 13547,           0.9935470,        -780.9371300,
 13548,           0.9935480,        -780.9106000,
 13549,           0.9935490,        -780.8815000,
 13550,           0.9935500,        -780.8533300,
 13551,           0.9935510,        -780.8244000,
 13552,           0.9935520,        -780.7955000,
 13553,           0.9935530,        -780.7700100,
 13554,           0.9935540,        -780.7410200,
 13555,           0.9935550,        -780.7113000,
 13556,           0.9935560,        -780.6830400,
 13557,           0.9935570,        -780.6572000,
 13558,           0.9935580,        -780.6281000,
 13559,           0.9935590,        -780.5997000,
 13560,           0.9935600,        -780.5708000,
 13561,           0.9935610,        -780.5422300,
 13562,           0.9935620,        -780.5157000,
 13563,           0.9935630,        -780.4870000,
 13564,           0.9935640,        -780.4586000,
 13565,           0.9935650,        -780.4297400,
 13566,           0.9935660,        -780.4023400,
 13567,           0.9935670,        -780.3754000,
 13568,           0.9935680,        -780.3458000,
 13569,           0.9935690,        -780.3167000,
 13570,           0.9935700,        -780.2887000,
 13571,           0.9935710,        -780.2626300,
 13572,           0.9935720,        -780.2341000,
 13573,           0.9935730,        -780.2054000,
 13574,           0.9935740,        -780.1766300,
 13575,           0.9935750,        -780.1488000,
 13576,           0.9935760,        -780.1216000,
 13577,           0.9935770,        -780.0927000,
 13578,           0.9935780,        -780.0645000,
 13579,           0.9935790,        -780.0374000,
 13580,           0.9935800,        -780.0098000,
 13581,           0.9935810,        -779.9814400,
 13582,           0.9935820,        -779.9516000,
 13583,           0.9935830,        -779.9232100,
 13584,           0.9935840,        -779.8965000,
 13585,           0.9935850,        -779.8686000,
 13586,           0.9935860,        -779.8398000,
 13587,           0.9935870,        -779.8115200,
 13588,           0.9935880,        -779.7846000,
 13589,           0.9935890,        -779.7549000,
 13590,           0.9935900,        -779.7281400,
 13591,           0.9935910,        -779.6993400,
 13592,           0.9935920,        -779.6705000,
 13593,           0.9935930,        -779.6436100,
 13594,           0.9935940,        -779.6164000,
 13595,           0.9935950,        -779.5873400,
 13596,           0.9935960,        -779.5585300,
 13597,           0.9935970,        -779.5314000,
 13598,           0.9935980,        -779.5023100,
 13599,           0.9935990,        -779.4752000,
 13600,           0.9936000,        -779.4465300,
 13601,           0.9936010,        -779.4177200,
 13602,           0.9936020,        -779.3906200,
 13603,           0.9936030,        -779.3618000,
 13604,           0.9936040,        -779.3344000,
 13605,           0.9936050,        -779.3058400,
 13606,           0.9936060,        -779.2792300,
 13607,           0.9936070,        -779.2504200,
 13608,           0.9936080,        -779.2230000,
 13609,           0.9936090,        -779.1937200,
 13610,           0.9936100,        -779.1652200,
 13611,           0.9936110,        -779.1381200,
 13612,           0.9936120,        -779.1095000,
 13613,           0.9936130,        -779.0821000,
 13614,           0.9936140,        -779.0538000,
 13615,           0.9936150,        -779.0265000,
 13616,           0.9936160,        -778.9974300,
 13617,           0.9936170,        -778.9689000,
 13618,           0.9936180,        -778.9413400,
 13619,           0.9936190,        -778.9128400,
 13620,           0.9936200,        -778.8863000,
 13621,           0.9936210,        -778.8578000,
 13622,           0.9936220,        -778.8292200,
 13623,           0.9936230,        -778.8010200,
 13624,           0.9936240,        -778.7741000,
 13625,           0.9936250,        -778.7454200,
 13626,           0.9936260,        -778.7171000,
 13627,           0.9936270,        -778.6892000,
 13628,           0.9936280,        -778.6609000,
 13629,           0.9936290,        -778.6336000,
 13630,           0.9936300,        -778.6050000,
 13631,           0.9936310,        -778.5764000,
 13632,           0.9936320,        -778.5492000,
 13633,           0.9936330,        -778.5225000,
 13634,           0.9936340,        -778.4938300,
 13635,           0.9936350,        -778.4647200,
 13636,           0.9936360,        -778.4372000,
 13637,           0.9936370,        -778.4084000,
 13638,           0.9936380,        -778.3817000,
 13639,           0.9936390,        -778.3531000,
 13640,           0.9936400,        -778.3243400,
 13641,           0.9936410,        -778.2979000,
 13642,           0.9936420,        -778.2701000,
 13643,           0.9936430,        -778.2411000,
 13644,           0.9936440,        -778.2131300,
 13645,           0.9936450,        -778.1844400,
 13646,           0.9936460,        -778.1573000,
 13647,           0.9936470,        -778.1301200,
 13648,           0.9936480,        -778.1011000,
 13649,           0.9936490,        -778.0723200,
 13650,           0.9936500,        -778.0453400,
 13651,           0.9936510,        -778.0186000,
 13652,           0.9936520,        -777.9899200,
 13653,           0.9936530,        -777.9613000,
 13654,           0.9936540,        -777.9329200,
 13655,           0.9936550,        -777.9048400,
 13656,           0.9936560,        -777.8782300,
 13657,           0.9936570,        -777.8500300,
 13658,           0.9936580,        -777.8210000,
 13659,           0.9936590,        -777.7928000,
 13660,           0.9936600,        -777.7672000,
 13661,           0.9936610,        -777.7381000,
 13662,           0.9936620,        -777.7096000,
 13663,           0.9936630,        -777.6805000,
 13664,           0.9936640,        -777.6523400,
 13665,           0.9936650,        -777.6271000,
 13666,           0.9936660,        -777.5987000,
 13667,           0.9936670,        -777.5695100,
 13668,           0.9936680,        -777.5408000,
 13669,           0.9936690,        -777.5153000,
 13670,           0.9936700,        -777.4868000,
 13671,           0.9936710,        -777.4589000,
 13672,           0.9936720,        -777.4301100,
 13673,           0.9936730,        -777.4019000,
 13674,           0.9936740,        -777.3754200,
 13675,           0.9936750,        -777.3468000,
 13676,           0.9936760,        -777.3186000,
 13677,           0.9936770,        -777.2901000,
 13678,           0.9936780,        -777.2630000,
 13679,           0.9936790,        -777.2360200,
 13680,           0.9936800,        -777.2073000,
 13681,           0.9936810,        -777.1786400,
 13682,           0.9936820,        -777.1503000,
 13683,           0.9936830,        -777.1246300,
 13684,           0.9936840,        -777.0965000,
 13685,           0.9936850,        -777.0678100,
 13686,           0.9936860,        -777.0386300,
 13687,           0.9936870,        -777.0119000,
 13688,           0.9936880,        -776.9849200,
 13689,           0.9936890,        -776.9561000,
 13690,           0.9936900,        -776.9280000,
 13691,           0.9936910,        -776.8994000,
 13692,           0.9936920,        -776.8719000,
 13693,           0.9936930,        -776.8448000,
 13694,           0.9936940,        -776.8167100,
 13695,           0.9936950,        -776.7881400,
 13696,           0.9936960,        -776.7614100,
 13697,           0.9936970,        -776.7327200,
 13698,           0.9936980,        -776.7059300,
 13699,           0.9936990,        -776.6767000,
 13700,           0.9937000,        -776.6478000,
 13701,           0.9937010,        -776.6217000,
 13702,           0.9937020,        -776.5945400,
 13703,           0.9937030,        -776.5662000,
 13704,           0.9937040,        -776.5378400,
 13705,           0.9937050,        -776.5106000,
 13706,           0.9937060,        -776.4822000,
 13707,           0.9937070,        -776.4545200,
 13708,           0.9937080,        -776.4268100,
 13709,           0.9937090,        -776.3982000,
 13710,           0.9937100,        -776.3712000,
 13711,           0.9937110,        -776.3429000,
 13712,           0.9937120,        -776.3153000,
 13713,           0.9937130,        -776.2866200,
 13714,           0.9937140,        -776.2601300,
 13715,           0.9937150,        -776.2320000,
 13716,           0.9937160,        -776.2034300,
 13717,           0.9937170,        -776.1757200,
 13718,           0.9937180,        -776.1473000,
 13719,           0.9937190,        -776.1208000,
 13720,           0.9937200,        -776.0924000,
 13721,           0.9937210,        -776.0652400,
 13722,           0.9937220,        -776.0372300,
 13723,           0.9937230,        -776.0095200,
 13724,           0.9937240,        -775.9813000,
 13725,           0.9937250,        -775.9528100,
 13726,           0.9937260,        -775.9258400,
 13727,           0.9937270,        -775.8975000,
 13728,           0.9937280,        -775.8708400,
 13729,           0.9937290,        -775.8417300,
 13730,           0.9937300,        -775.8137000,
 13731,           0.9937310,        -775.7864300,
 13732,           0.9937320,        -775.7600000,
 13733,           0.9937330,        -775.7318000,
 13734,           0.9937340,        -775.7032400,
 13735,           0.9937350,        -775.6741300,
 13736,           0.9937360,        -775.6472100,
 13737,           0.9937370,        -775.6208400,
 13738,           0.9937380,        -775.5926000,
 13739,           0.9937390,        -775.5635000,
 13740,           0.9937400,        -775.5368000,
 13741,           0.9937410,        -775.5098200,
 13742,           0.9937420,        -775.4813200,
 13743,           0.9937430,        -775.4530000,
 13744,           0.9937440,        -775.4247400,
 13745,           0.9937450,        -775.3976400,
 13746,           0.9937460,        -775.3711000,
 13747,           0.9937470,        -775.3421000,
 13748,           0.9937480,        -775.3139000,
 13749,           0.9937490,        -775.2856000,
 13750,           0.9937500,        -775.2604000,
 13751,           0.9937510,        -775.2319000,
 13752,           0.9937520,        -775.2038000,
 13753,           0.9937530,        -775.1749200,
 13754,           0.9937540,        -775.1464200,
 13755,           0.9937550,        -775.1212000,
 13756,           0.9937560,        -775.0930000,
 13757,           0.9937570,        -775.0647000,
 13758,           0.9937580,        -775.0364000,
 13759,           0.9937590,        -775.0101300,
 13760,           0.9937600,        -774.9825000,
 13761,           0.9937610,        -774.9539000,
 13762,           0.9937620,        -774.9258400,
 13763,           0.9937630,        -774.8976400,
 13764,           0.9937640,        -774.8724300,
 13765,           0.9937650,        -774.8433000,
 13766,           0.9937660,        -774.8151200,
 13767,           0.9937670,        -774.7866200,
 13768,           0.9937680,        -774.7601000,
 13769,           0.9937690,        -774.7334000,
 13770,           0.9937700,        -774.7048300,
 13771,           0.9937710,        -774.6761400,
 13772,           0.9937720,        -774.6497000,
 13773,           0.9937730,        -774.6212100,
 13774,           0.9937740,        -774.5942000,
 13775,           0.9937750,        -774.5664000,
 13776,           0.9937760,        -774.5378000,
 13777,           0.9937770,        -774.5109000,
 13778,           0.9937780,        -774.4824200,
 13779,           0.9937790,        -774.4555000,
 13780,           0.9937800,        -774.4271200,
 13781,           0.9937810,        -774.4008100,
 13782,           0.9937820,        -774.3719400,
 13783,           0.9937830,        -774.3450000,
 13784,           0.9937840,        -774.3170000,
 13785,           0.9937850,        -774.2888100,
 13786,           0.9937860,        -774.2620200,
 13787,           0.9937870,        -774.2335200,
 13788,           0.9937880,        -774.2065400,
 13789,           0.9937890,        -774.1783000,
 13790,           0.9937900,        -774.1512000,
 13791,           0.9937910,        -774.1231000,
 13792,           0.9937920,        -774.0953300,
 13793,           0.9937930,        -774.0684000,
 13794,           0.9937940,        -774.0393000,
 13795,           0.9937950,        -774.0126300,
 13796,           0.9937960,        -773.9850400,
 13797,           0.9937970,        -773.9565400,
 13798,           0.9937980,        -773.9297400,
 13799,           0.9937990,        -773.9025200,
 13800,           0.9938000,        -773.8751000,
 13801,           0.9938010,        -773.8463100,
 13802,           0.9938020,        -773.8195100,
 13803,           0.9938030,        -773.7911000,
 13804,           0.9938040,        -773.7643000,
 13805,           0.9938050,        -773.7360000,
 13806,           0.9938060,        -773.7080000,
 13807,           0.9938070,        -773.6807000,
 13808,           0.9938080,        -773.6544000,
 13809,           0.9938090,        -773.6263400,
 13810,           0.9938100,        -773.5980000,
 13811,           0.9938110,        -773.5693300,
 13812,           0.9938120,        -773.5422300,
 13813,           0.9938130,        -773.5163000,
 13814,           0.9938140,        -773.4879000,
 13815,           0.9938150,        -773.4597000,
 13816,           0.9938160,        -773.4316000,
 13817,           0.9938170,        -773.4055100,
 13818,           0.9938180,        -773.3779000,
 13819,           0.9938190,        -773.3495000,
 13820,           0.9938200,        -773.3214000,
 13821,           0.9938210,        -773.2936400,
 13822,           0.9938220,        -773.2678200,
 13823,           0.9938230,        -773.2394000,
 13824,           0.9938240,        -773.2113000,
 13825,           0.9938250,        -773.1829000,
 13826,           0.9938260,        -773.1568000,
 13827,           0.9938270,        -773.1295100,
 13828,           0.9938280,        -773.1011300,
 13829,           0.9938290,        -773.0730000,
 13830,           0.9938300,        -773.0450400,
 13831,           0.9938310,        -773.0200000,
 13832,           0.9938320,        -772.9918000,
 13833,           0.9938330,        -772.9630000,
 13834,           0.9938340,        -772.9349300,
 13835,           0.9938350,        -772.9088000,
 13836,           0.9938360,        -772.8818000,
 13837,           0.9938370,        -772.8539400,
 13838,           0.9938380,        -772.8254000,
 13839,           0.9938390,        -772.7969300,
 13840,           0.9938400,        -772.7706000,
 13841,           0.9938410,        -772.7438300,
 13842,           0.9938420,        -772.7158200,
 13843,           0.9938430,        -772.6877000,
 13844,           0.9938440,        -772.6606000,
 13845,           0.9938450,        -772.6325000,
 13846,           0.9938460,        -772.6057000,
 13847,           0.9938470,        -772.5777000,
 13848,           0.9938480,        -772.5495000,
 13849,           0.9938490,        -772.5233100,
 13850,           0.9938500,        -772.4945000,
 13851,           0.9938510,        -772.4679000,
 13852,           0.9938520,        -772.4397000,
 13853,           0.9938530,        -772.4136300,
 13854,           0.9938540,        -772.3856000,
 13855,           0.9938550,        -772.3568100,
 13856,           0.9938560,        -772.3300000,
 13857,           0.9938570,        -772.3018100,
 13858,           0.9938580,        -772.2752000,
 13859,           0.9938590,        -772.2476000,
 13860,           0.9938600,        -772.2209400,
 13861,           0.9938610,        -772.1923000,
 13862,           0.9938620,        -772.1656000,
 13863,           0.9938630,        -772.1375100,
 13864,           0.9938640,        -772.1098000,
 13865,           0.9938650,        -772.0829000,
 13866,           0.9938660,        -772.0543200,
 13867,           0.9938670,        -772.0282000,
 13868,           0.9938680,        -772.0005400,
 13869,           0.9938690,        -771.9724000,
 13870,           0.9938700,        -771.9454300,
 13871,           0.9938710,        -771.9183000,
 13872,           0.9938720,        -771.8901000,
 13873,           0.9938730,        -771.8622400,
 13874,           0.9938740,        -771.8343000,
 13875,           0.9938750,        -771.8076100,
 13876,           0.9938760,        -771.7816100,
 13877,           0.9938770,        -771.7528000,
 13878,           0.9938780,        -771.7251000,
 13879,           0.9938790,        -771.6970000,
 13880,           0.9938800,        -771.6718000,
 13881,           0.9938810,        -771.6438000,
 13882,           0.9938820,        -771.6150000,
 13883,           0.9938830,        -771.5874000,
 13884,           0.9938840,        -771.5593000,
 13885,           0.9938850,        -771.5344000,
 13886,           0.9938860,        -771.5062200,
 13887,           0.9938870,        -771.4786300,
 13888,           0.9938880,        -771.4500100,
 13889,           0.9938890,        -771.4234000,
 13890,           0.9938900,        -771.3969000,
 13891,           0.9938910,        -771.3689000,
 13892,           0.9938920,        -771.3409000,
 13893,           0.9938930,        -771.3126200,
 13894,           0.9938940,        -771.2863100,
 13895,           0.9938950,        -771.2596400,
 13896,           0.9938960,        -771.2316200,
 13897,           0.9938970,        -771.2035000,
 13898,           0.9938980,        -771.1764000,
 13899,           0.9938990,        -771.1498000,
 13900,           0.9939000,        -771.1222000,
 13901,           0.9939010,        -771.0941000,
 13902,           0.9939020,        -771.0662000,
 13903,           0.9939030,        -771.0399100,
 13904,           0.9939040,        -771.0126300,
 13905,           0.9939050,        -770.9850400,
 13906,           0.9939060,        -770.9573300,
 13907,           0.9939070,        -770.9305000,
 13908,           0.9939080,        -770.9028300,
 13909,           0.9939090,        -770.8752400,
 13910,           0.9939100,        -770.8474100,
 13911,           0.9939110,        -770.8195000,
 13912,           0.9939120,        -770.7935100,
 13913,           0.9939130,        -770.7655000,
 13914,           0.9939140,        -770.7386000,
 13915,           0.9939150,        -770.7106000,
 13916,           0.9939160,        -770.6847000,
 13917,           0.9939170,        -770.6565000,
 13918,           0.9939180,        -770.6282300,
 13919,           0.9939190,        -770.6011000,
 13920,           0.9939200,        -770.5732000,
 13921,           0.9939210,        -770.5469000,
 13922,           0.9939220,        -770.5192200,
 13923,           0.9939230,        -770.4915000,
 13924,           0.9939240,        -770.4647000,
 13925,           0.9939250,        -770.4382300,
 13926,           0.9939260,        -770.4099100,
 13927,           0.9939270,        -770.3824400,
 13928,           0.9939280,        -770.3543000,
 13929,           0.9939290,        -770.3278000,
 13930,           0.9939300,        -770.3010000,
 13931,           0.9939310,        -770.2731300,
 13932,           0.9939320,        -770.2451100,
 13933,           0.9939330,        -770.2175000,
 13934,           0.9939340,        -770.1927400,
 13935,           0.9939350,        -770.1641000,
 13936,           0.9939360,        -770.1362300,
 13937,           0.9939370,        -770.1083300,
 13938,           0.9939380,        -770.0809300,
 13939,           0.9939390,        -770.0555400,
 13940,           0.9939400,        -770.0274000,
 13941,           0.9939410,        -769.9993200,
 13942,           0.9939420,        -769.9716000,
 13943,           0.9939430,        -769.9455000,
 13944,           0.9939440,        -769.9189400,
 13945,           0.9939450,        -769.8910000,
 13946,           0.9939460,        -769.8627000,
 13947,           0.9939470,        -769.8350000,
 13948,           0.9939480,        -769.8101100,
 13949,           0.9939490,        -769.7820000,
 13950,           0.9939500,        -769.7539000,
 13951,           0.9939510,        -769.7262000,
 13952,           0.9939520,        -769.6999000,
 13953,           0.9939530,        -769.6734000,
 13954,           0.9939540,        -769.6457000,
 13955,           0.9939550,        -769.6178000,
 13956,           0.9939560,        -769.5894000,
 13957,           0.9939570,        -769.5630400,
 13958,           0.9939580,        -769.5370400,
 13959,           0.9939590,        -769.5092000,
 13960,           0.9939600,        -769.4813200,
 13961,           0.9939610,        -769.4545000,
 13962,           0.9939620,        -769.4266300,
 13963,           0.9939630,        -769.4002000,
 13964,           0.9939640,        -769.3726000,
 13965,           0.9939650,        -769.3445400,
 13966,           0.9939660,        -769.3179300,
 13967,           0.9939670,        -769.2899000,
 13968,           0.9939680,        -769.2639100,
 13969,           0.9939690,        -769.2359000,
 13970,           0.9939700,        -769.2096000,
 13971,           0.9939710,        -769.1818200,
 13972,           0.9939720,        -769.1543000,
 13973,           0.9939730,        -769.1275000,
 13974,           0.9939740,        -769.1015000,
 13975,           0.9939750,        -769.0735400,
 13976,           0.9939760,        -769.0448000,
 13977,           0.9939770,        -769.0173000,
 13978,           0.9939780,        -768.9909000,
 13979,           0.9939790,        -768.9650200,
 13980,           0.9939800,        -768.9370100,
 13981,           0.9939810,        -768.9089300,
 13982,           0.9939820,        -768.8810400,
 13983,           0.9939830,        -768.8564000,
 13984,           0.9939840,        -768.8285000,
 13985,           0.9939850,        -768.8011400,
 13986,           0.9939860,        -768.7727000,
 13987,           0.9939870,        -768.7449000,
 13988,           0.9939880,        -768.7202100,
 13989,           0.9939890,        -768.6923000,
 13990,           0.9939900,        -768.6644000,
 13991,           0.9939910,        -768.6362300,
 13992,           0.9939920,        -768.6103000,
 13993,           0.9939930,        -768.5842000,
 13994,           0.9939940,        -768.5564000,
 13995,           0.9939950,        -768.5286000,
 13996,           0.9939960,        -768.5002400,
 13997,           0.9939970,        -768.4739000,
 13998,           0.9939980,        -768.4477000,
 13999,           0.9939990,        -768.4206000,
 14000,           0.9940000,        -768.3925000,
 14001,           0.9940010,        -768.3660200,
 14002,           0.9940020,        -768.3381300,
 14003,           0.9940030,        -768.3120000,
 14004,           0.9940040,        -768.2841000,
 14005,           0.9940050,        -768.2563400,
 14006,           0.9940060,        -768.2299100,
 14007,           0.9940070,        -768.2020200,
 14008,           0.9940080,        -768.1757200,
 14009,           0.9940090,        -768.1481000,
 14010,           0.9940100,        -768.1220000,
 14011,           0.9940110,        -768.0937000,
 14012,           0.9940120,        -768.0660000,
 14013,           0.9940130,        -768.0400000,
 14014,           0.9940140,        -768.0124000,
 14015,           0.9940150,        -767.9858300,
 14016,           0.9940160,        -767.9581200,
 14017,           0.9940170,        -767.9305400,
 14018,           0.9940180,        -767.9040000,
 14019,           0.9940190,        -767.8779200,
 14020,           0.9940200,        -767.8500000,
 14021,           0.9940210,        -767.8224000,
 14022,           0.9940220,        -767.7947300,
 14023,           0.9940230,        -767.7684000,
 14024,           0.9940240,        -767.7422400,
 14025,           0.9940250,        -767.7138000,
 14026,           0.9940260,        -767.6866400,
 14027,           0.9940270,        -767.6586000,
 14028,           0.9940280,        -767.6341000,
 14029,           0.9940290,        -767.6067000,
 14030,           0.9940300,        -767.5784300,
 14031,           0.9940310,        -767.5505300,
 14032,           0.9940320,        -767.5233000,
 14033,           0.9940330,        -767.4987000,
 14034,           0.9940340,        -767.4712000,
 14035,           0.9940350,        -767.4427400,
 14036,           0.9940360,        -767.4152000,
 14037,           0.9940370,        -767.3892000,
 14038,           0.9940380,        -767.3628000,
 14039,           0.9940390,        -767.3356000,
 14040,           0.9940400,        -767.3071200,
 14041,           0.9940410,        -767.2794100,
 14042,           0.9940420,        -767.2537000,
 14043,           0.9940430,        -767.2274100,
 14044,           0.9940440,        -767.1996000,
 14045,           0.9940450,        -767.1716300,
 14046,           0.9940460,        -767.1456200,
 14047,           0.9940470,        -767.1184000,
 14048,           0.9940480,        -767.0922200,
 14049,           0.9940490,        -767.0645000,
 14050,           0.9940500,        -767.0363000,
 14051,           0.9940510,        -767.0105000,
 14052,           0.9940520,        -766.9825400,
 14053,           0.9940530,        -766.9564200,
 14054,           0.9940540,        -766.9283400,
 14055,           0.9940550,        -766.9026000,
 14056,           0.9940560,        -766.8753000,
 14057,           0.9940570,        -766.8477100,
 14058,           0.9940580,        -766.8216000,
 14059,           0.9940590,        -766.7933000,
 14060,           0.9940600,        -766.7673300,
 14061,           0.9940610,        -766.7396000,
 14062,           0.9940620,        -766.7121000,
 14063,           0.9940630,        -766.6859100,
 14064,           0.9940640,        -766.6592000,
 14065,           0.9940650,        -766.6317000,
 14066,           0.9940660,        -766.6044300,
 14067,           0.9940670,        -766.5771000,
 14068,           0.9940680,        -766.5507200,
 14069,           0.9940690,        -766.5245300,
 14070,           0.9940700,        -766.4967000,
 14071,           0.9940710,        -766.4692300,
 14072,           0.9940720,        -766.4417000,
 14073,           0.9940730,        -766.4169300,
 14074,           0.9940740,        -766.3892200,
 14075,           0.9940750,        -766.3619000,
 14076,           0.9940760,        -766.3343000,
 14077,           0.9940770,        -766.3068200,
 14078,           0.9940780,        -766.2816100,
 14079,           0.9940790,        -766.2542100,
 14080,           0.9940800,        -766.2267400,
 14081,           0.9940810,        -766.1992100,
 14082,           0.9940820,        -766.1734000,
 14083,           0.9940830,        -766.1465400,
 14084,           0.9940840,        -766.1191000,
 14085,           0.9940850,        -766.0917300,
 14086,           0.9940860,        -766.0644000,
 14087,           0.9940870,        -766.0381400,
 14088,           0.9940880,        -766.0119000,
 14089,           0.9940890,        -765.9846100,
 14090,           0.9940900,        -765.9568000,
 14091,           0.9940910,        -765.9310300,
 14092,           0.9940920,        -765.9028300,
 14093,           0.9940930,        -765.8766400,
 14094,           0.9940940,        -765.8495000,
 14095,           0.9940950,        -765.8217000,
 14096,           0.9940960,        -765.7961400,
 14097,           0.9940970,        -765.7680000,
 14098,           0.9940980,        -765.7421200,
 14099,           0.9940990,        -765.7145000,
 14100,           0.9941000,        -765.6890200,
 14101,           0.9941010,        -765.6609000,
 14102,           0.9941020,        -765.6332000,
 14103,           0.9941030,        -765.6074000,
 14104,           0.9941040,        -765.5799000,
 14105,           0.9941050,        -765.5541000,
 14106,           0.9941060,        -765.5262000,
 14107,           0.9941070,        -765.4987100,
 14108,           0.9941080,        -765.4722200,
 14109,           0.9941090,        -765.4468300,
 14110,           0.9941100,        -765.4196100,
 14111,           0.9941110,        -765.3915400,
 14112,           0.9941120,        -765.3641000,
 14113,           0.9941130,        -765.3381000,
 14114,           0.9941140,        -765.3121300,
 14115,           0.9941150,        -765.2841100,
 14116,           0.9941160,        -765.2568000,
 14117,           0.9941170,        -765.2296000,
 14118,           0.9941180,        -765.2050000,
 14119,           0.9941190,        -765.1779000,
 14120,           0.9941200,        -765.1497100,
 14121,           0.9941210,        -765.1225000,
 14122,           0.9941220,        -765.0952000,
 14123,           0.9941230,        -765.0706100,
 14124,           0.9941240,        -765.0428000,
 14125,           0.9941250,        -765.0155000,
 14126,           0.9941260,        -764.9883000,
 14127,           0.9941270,        -764.9626000,
 14128,           0.9941280,        -764.9363000,
 14129,           0.9941290,        -764.9084000,
 14130,           0.9941300,        -764.8811000,
 14131,           0.9941310,        -764.8536300,
 14132,           0.9941320,        -764.8279400,
 14133,           0.9941330,        -764.8004100,
 14134,           0.9941340,        -764.7741000,
 14135,           0.9941350,        -764.7466000,
 14136,           0.9941360,        -764.7210000,
 14137,           0.9941370,        -764.6940000,
 14138,           0.9941380,        -764.6658300,
 14139,           0.9941390,        -764.6401000,
 14140,           0.9941400,        -764.6125000,
 14141,           0.9941410,        -764.5870000,
 14142,           0.9941420,        -764.5594400,
 14143,           0.9941430,        -764.5316000,
 14144,           0.9941440,        -764.5055000,
 14145,           0.9941450,        -764.4800000,
 14146,           0.9941460,        -764.4525100,
 14147,           0.9941470,        -764.4246000,
 14148,           0.9941480,        -764.3972100,
 14149,           0.9941490,        -764.3716000,
 14150,           0.9941500,        -764.3459000,
 14151,           0.9941510,        -764.3183000,
 14152,           0.9941520,        -764.2910100,
 14153,           0.9941530,        -764.2637300,
 14154,           0.9941540,        -764.2391300,
 14155,           0.9941550,        -764.2120300,
 14156,           0.9941560,        -764.1839000,
 14157,           0.9941570,        -764.1566100,
 14158,           0.9941580,        -764.1294000,
 14159,           0.9941590,        -764.1053400,
 14160,           0.9941600,        -764.0777000,
 14161,           0.9941610,        -764.0502000,
 14162,           0.9941620,        -764.0227000,
 14163,           0.9941630,        -763.9969400,
 14164,           0.9941640,        -763.9711300,
 14165,           0.9941650,        -763.9432000,
 14166,           0.9941660,        -763.9158300,
 14167,           0.9941670,        -763.8903000,
 14168,           0.9941680,        -763.8629100,
 14169,           0.9941690,        -763.8373000,
 14170,           0.9941700,        -763.8093200,
 14171,           0.9941710,        -763.7822000,
 14172,           0.9941720,        -763.7565300,
 14173,           0.9941730,        -763.7295000,
 14174,           0.9941740,        -763.7029000,
 14175,           0.9941750,        -763.6759000,
 14176,           0.9941760,        -763.6502000,
 14177,           0.9941770,        -763.6231000,
 14178,           0.9941780,        -763.5957000,
 14179,           0.9941790,        -763.5692000,
 14180,           0.9941800,        -763.5421000,
 14181,           0.9941810,        -763.5166000,
 14182,           0.9941820,        -763.4893000,
 14183,           0.9941830,        -763.4613000,
 14184,           0.9941840,        -763.4340000,
 14185,           0.9941850,        -763.4100000,
 14186,           0.9941860,        -763.3828000,
 14187,           0.9941870,        -763.3551000,
 14188,           0.9941880,        -763.3276300,
 14189,           0.9941890,        -763.3004000,
 14190,           0.9941900,        -763.2763000,
 14191,           0.9941910,        -763.2491000,
 14192,           0.9941920,        -763.2211300,
 14193,           0.9941930,        -763.1946000,
 14194,           0.9941940,        -763.1685000,
 14195,           0.9941950,        -763.1426300,
 14196,           0.9941960,        -763.1151000,
 14197,           0.9941970,        -763.0881000,
 14198,           0.9941980,        -763.0605400,
 14199,           0.9941990,        -763.0353300,
 14200,           0.9942000,        -763.0095000,
 14201,           0.9942010,        -762.9818000,
 14202,           0.9942020,        -762.9545000,
 14203,           0.9942030,        -762.9290100,
 14204,           0.9942040,        -762.9019000,
 14205,           0.9942050,        -762.8754200,
 14206,           0.9942060,        -762.8483200,
 14207,           0.9942070,        -762.8212200,
 14208,           0.9942080,        -762.7957000,
 14209,           0.9942090,        -762.7677000,
 14210,           0.9942100,        -762.7420000,
 14211,           0.9942110,        -762.7148400,
 14212,           0.9942120,        -762.6895100,
 14213,           0.9942130,        -762.6623000,
 14214,           0.9942140,        -762.6348000,
 14215,           0.9942150,        -762.6086400,
 14216,           0.9942160,        -762.5819000,
 14217,           0.9942170,        -762.5562100,
 14218,           0.9942180,        -762.5284000,
 14219,           0.9942190,        -762.5012000,
 14220,           0.9942200,        -762.4754000,
 14221,           0.9942210,        -762.4502000,
 14222,           0.9942220,        -762.4222400,
 14223,           0.9942230,        -762.3951000,
 14224,           0.9942240,        -762.3685000,
 14225,           0.9942250,        -762.3411200,
 14226,           0.9942260,        -762.3171300,
 14227,           0.9942270,        -762.2892400,
 14228,           0.9942280,        -762.2625000,
 14229,           0.9942290,        -762.2356000,
 14230,           0.9942300,        -762.2100000,
 14231,           0.9942310,        -762.1836000,
 14232,           0.9942320,        -762.1561200,
 14233,           0.9942330,        -762.1298000,
 14234,           0.9942340,        -762.1024000,
 14235,           0.9942350,        -762.0764100,
 14236,           0.9942360,        -762.0504000,
 14237,           0.9942370,        -762.0236200,
 14238,           0.9942380,        -761.9968200,
 14239,           0.9942390,        -761.9711300,
 14240,           0.9942400,        -761.9438000,
 14241,           0.9942410,        -761.9179000,
 14242,           0.9942420,        -761.8907400,
 14243,           0.9942430,        -761.8638300,
 14244,           0.9942440,        -761.8377000,
 14245,           0.9942450,        -761.8107000,
 14246,           0.9942460,        -761.7849100,
 14247,           0.9942470,        -761.7579300,
 14248,           0.9942480,        -761.7318100,
 14249,           0.9942490,        -761.7049000,
 14250,           0.9942500,        -761.6782000,
 14251,           0.9942510,        -761.6510000,
 14252,           0.9942520,        -761.6247000,
 14253,           0.9942530,        -761.5995000,
 14254,           0.9942540,        -761.5724000,
 14255,           0.9942550,        -761.5455000,
 14256,           0.9942560,        -761.5182400,
 14257,           0.9942570,        -761.4939000,
 14258,           0.9942580,        -761.4668000,
 14259,           0.9942590,        -761.4396000,
 14260,           0.9942600,        -761.4131000,
 14261,           0.9942610,        -761.3851000,
 14262,           0.9942620,        -761.3612000,
 14263,           0.9942630,        -761.3344000,
 14264,           0.9942640,        -761.3071000,
 14265,           0.9942650,        -761.2795000,
 14266,           0.9942660,        -761.2542000,
 14267,           0.9942670,        -761.2287000,
 14268,           0.9942680,        -761.2017000,
 14269,           0.9942690,        -761.1740100,
 14270,           0.9942700,        -761.1469100,
 14271,           0.9942710,        -761.1215200,
 14272,           0.9942720,        -761.0960000,
 14273,           0.9942730,        -761.0690300,
 14274,           0.9942740,        -761.0416000,
 14275,           0.9942750,        -761.0162000,
 14276,           0.9942760,        -760.9894000,
 14277,           0.9942770,        -760.9639000,
 14278,           0.9942780,        -760.9361000,
 14279,           0.9942790,        -760.9094200,
 14280,           0.9942800,        -760.8842000,
 14281,           0.9942810,        -760.8574000,
 14282,           0.9942820,        -760.8297100,
 14283,           0.9942830,        -760.8040100,
 14284,           0.9942840,        -760.7786000,
 14285,           0.9942850,        -760.7518300,
 14286,           0.9942860,        -760.7242400,
 14287,           0.9942870,        -760.6974400,
 14288,           0.9942880,        -760.6717000,
 14289,           0.9942890,        -760.6465000,
 14290,           0.9942900,        -760.6188000,
 14291,           0.9942910,        -760.5920400,
 14292,           0.9942920,        -760.5651200,
 14293,           0.9942930,        -760.5409000,
 14294,           0.9942940,        -760.5135400,
 14295,           0.9942950,        -760.4871200,
 14296,           0.9942960,        -760.4601000,
 14297,           0.9942970,        -760.4333000,
 14298,           0.9942980,        -760.4089000,
 14299,           0.9942990,        -760.3813400,
 14300,           0.9943000,        -760.3546100,
 14301,           0.9943010,        -760.3279400,
 14302,           0.9943020,        -760.3027300,
 14303,           0.9943030,        -760.2748400,
 14304,           0.9943040,        -760.2494000,
 14305,           0.9943050,        -760.2225000,
 14306,           0.9943060,        -760.1956100,
 14307,           0.9943070,        -760.1696100,
 14308,           0.9943080,        -760.1428200,
 14309,           0.9943090,        -760.1178000,
 14310,           0.9943100,        -760.0908200,
 14311,           0.9943110,        -760.0649400,
 14312,           0.9943120,        -760.0379000,
 14313,           0.9943130,        -760.0116000,
 14314,           0.9943140,        -759.9858300,
 14315,           0.9943150,        -759.9584000,
 14316,           0.9943160,        -759.9333400,
 14317,           0.9943170,        -759.9062000,
 14318,           0.9943180,        -759.8796300,
 14319,           0.9943190,        -759.8531400,
 14320,           0.9943200,        -759.8283000,
 14321,           0.9943210,        -759.8010200,
 14322,           0.9943220,        -759.7744100,
 14323,           0.9943230,        -759.7471300,
 14324,           0.9943240,        -759.7203300,
 14325,           0.9943250,        -759.6965300,
 14326,           0.9943260,        -759.6698000,
 14327,           0.9943270,        -759.6425100,
 14328,           0.9943280,        -759.6157000,
 14329,           0.9943290,        -759.5909400,
 14330,           0.9943300,        -759.5650000,
 14331,           0.9943310,        -759.5377000,
 14332,           0.9943320,        -759.5109200,
 14333,           0.9943330,        -759.4842000,
 14334,           0.9943340,        -759.4588000,
 14335,           0.9943350,        -759.4330000,
 14336,           0.9943360,        -759.4060000,
 14337,           0.9943370,        -759.3796000,
 14338,           0.9943380,        -759.3541200,
 14339,           0.9943390,        -759.3271400,
 14340,           0.9943400,        -759.3012000,
 14341,           0.9943410,        -759.2744000,
 14342,           0.9943420,        -759.2477000,
 14343,           0.9943430,        -759.2225000,
 14344,           0.9943440,        -759.1953000,
 14345,           0.9943450,        -759.1688200,
 14346,           0.9943460,        -759.1429000,
 14347,           0.9943470,        -759.1180400,
 14348,           0.9943480,        -759.0906000,
 14349,           0.9943490,        -759.0641000,
 14350,           0.9943500,        -759.0374100,
 14351,           0.9943510,        -759.0118000,
 14352,           0.9943520,        -758.9860000,
 14353,           0.9943530,        -758.9595300,
 14354,           0.9943540,        -758.9330000,
 14355,           0.9943550,        -758.9058200,
 14356,           0.9943560,        -758.8816000,
 14357,           0.9943570,        -758.8549100,
 14358,           0.9943580,        -758.8284000,
 14359,           0.9943590,        -758.8015100,
 14360,           0.9943600,        -758.7743000,
 14361,           0.9943610,        -758.7502400,
 14362,           0.9943620,        -758.7238000,
 14363,           0.9943630,        -758.6970000,
 14364,           0.9943640,        -758.6697000,
 14365,           0.9943650,        -758.6447000,
 14366,           0.9943660,        -758.6180400,
 14367,           0.9943670,        -758.5927100,
 14368,           0.9943680,        -758.5651000,
 14369,           0.9943690,        -758.5404000,
 14370,           0.9943700,        -758.5136100,
 14371,           0.9943710,        -758.4870000,
 14372,           0.9943720,        -758.4613000,
 14373,           0.9943730,        -758.4343200,
 14374,           0.9943740,        -758.4096000,
 14375,           0.9943750,        -758.3829300,
 14376,           0.9943760,        -758.3555200,
 14377,           0.9943770,        -758.3303000,
 14378,           0.9943780,        -758.3050000,
 14379,           0.9943790,        -758.2784400,
 14380,           0.9943800,        -758.2510000,
 14381,           0.9943810,        -758.2244200,
 14382,           0.9943820,        -758.1978100,
 14383,           0.9943830,        -758.1742000,
 14384,           0.9943840,        -758.1469000,
 14385,           0.9943850,        -758.1202000,
 14386,           0.9943860,        -758.0939300,
 14387,           0.9943870,        -758.0688000,
 14388,           0.9943880,        -758.0428000,
 14389,           0.9943890,        -758.0162000,
 14390,           0.9943900,        -757.9897000,
 14391,           0.9943910,        -757.9630100,
 14392,           0.9943920,        -757.9374000,
 14393,           0.9943930,        -757.9122300,
 14394,           0.9943940,        -757.8857000,
 14395,           0.9943950,        -757.8591300,
 14396,           0.9943960,        -757.8335000,
 14397,           0.9943970,        -757.8067000,
 14398,           0.9943980,        -757.7803300,
 14399,           0.9943990,        -757.7543000,
 14400,           0.9944000,        -757.7274000,
 14401,           0.9944010,        -757.7026000,
 14402,           0.9944020,        -757.6764000,
 14403,           0.9944030,        -757.6489200,
 14404,           0.9944040,        -757.6240000,
 14405,           0.9944050,        -757.5991000,
 14406,           0.9944060,        -757.5723200,
 14407,           0.9944070,        -757.5454100,
 14408,           0.9944080,        -757.5186000,
 14409,           0.9944090,        -757.4932200,
 14410,           0.9944100,        -757.4681300,
 14411,           0.9944110,        -757.4412200,
 14412,           0.9944120,        -757.4144200,
 14413,           0.9944130,        -757.3882400,
 14414,           0.9944140,        -757.3631000,
 14415,           0.9944150,        -757.3372000,
 14416,           0.9944160,        -757.3107000,
 14417,           0.9944170,        -757.2845400,
 14418,           0.9944180,        -757.2577000,
 14419,           0.9944190,        -757.2323000,
 14420,           0.9944200,        -757.2071000,
 14421,           0.9944210,        -757.1808400,
 14422,           0.9944220,        -757.1541100,
 14423,           0.9944230,        -757.1284000,
 14424,           0.9944240,        -757.1019000,
 14425,           0.9944250,        -757.0767200,
 14426,           0.9944260,        -757.0501000,
 14427,           0.9944270,        -757.0231300,
 14428,           0.9944280,        -756.9986000,
 14429,           0.9944290,        -756.9719200,
 14430,           0.9944300,        -756.9456000,
 14431,           0.9944310,        -756.9199200,
 14432,           0.9944320,        -756.8950100,
 14433,           0.9944330,        -756.8683400,
 14434,           0.9944340,        -756.8415000,
 14435,           0.9944350,        -756.8149000,
 14436,           0.9944360,        -756.7897000,
 14437,           0.9944370,        -756.7648000,
 14438,           0.9944380,        -756.7377000,
 14439,           0.9944390,        -756.7111000,
 14440,           0.9944400,        -756.6845000,
 14441,           0.9944410,        -756.6611000,
 14442,           0.9944420,        -756.6340000,
 14443,           0.9944430,        -756.6078000,
 14444,           0.9944440,        -756.5813000,
 14445,           0.9944450,        -756.5551100,
 14446,           0.9944460,        -756.5294100,
 14447,           0.9944470,        -756.5041000,
 14448,           0.9944480,        -756.4776000,
 14449,           0.9944490,        -756.4512000,
 14450,           0.9944500,        -756.4257000,
 14451,           0.9944510,        -756.3996000,
 14452,           0.9944520,        -756.3743000,
 14453,           0.9944530,        -756.3478000,
 14454,           0.9944540,        -756.3212200,
 14455,           0.9944550,        -756.2961400,
 14456,           0.9944560,        -756.2700000,
 14457,           0.9944570,        -756.2438000,
 14458,           0.9944580,        -756.2173400,
 14459,           0.9944590,        -756.1926000,
 14460,           0.9944600,        -756.1664400,
 14461,           0.9944610,        -756.1392000,
 14462,           0.9944620,        -756.1129000,
 14463,           0.9944630,        -756.0881300,
 14464,           0.9944640,        -756.0633000,
 14465,           0.9944650,        -756.0362000,
 14466,           0.9944660,        -756.0098000,
 14467,           0.9944670,        -755.9837000,
 14468,           0.9944680,        -755.9598000,
 14469,           0.9944690,        -755.9329000,
 14470,           0.9944700,        -755.9064300,
 14471,           0.9944710,        -755.8802000,
 14472,           0.9944720,        -755.8538000,
 14473,           0.9944730,        -755.8286000,
 14474,           0.9944740,        -755.8034000,
 14475,           0.9944750,        -755.7772000,
 14476,           0.9944760,        -755.7506100,
 14477,           0.9944770,        -755.7250000,
 14478,           0.9944780,        -755.6987300,
 14479,           0.9944790,        -755.6741000,
 14480,           0.9944800,        -755.6469000,
 14481,           0.9944810,        -755.6208000,
 14482,           0.9944820,        -755.5959400,
 14483,           0.9944830,        -755.5698000,
 14484,           0.9944840,        -755.5442000,
 14485,           0.9944850,        -755.5178200,
 14486,           0.9944860,        -755.4929100,
 14487,           0.9944870,        -755.4666000,
 14488,           0.9944880,        -755.4398100,
 14489,           0.9944890,        -755.4133300,
 14490,           0.9944900,        -755.3884200,
 14491,           0.9944910,        -755.3634000,
 14492,           0.9944920,        -755.3369000,
 14493,           0.9944930,        -755.3105000,
 14494,           0.9944940,        -755.2842000,
 14495,           0.9944950,        -755.2601000,
 14496,           0.9944960,        -755.2341300,
 14497,           0.9944970,        -755.2075100,
 14498,           0.9944980,        -755.1813000,
 14499,           0.9944990,        -755.1544000,
 14500,           0.9945000,        -755.1296000,
 14501,           0.9945010,        -755.1050000,
 14502,           0.9945020,        -755.0789100,
 14503,           0.9945030,        -755.0516000,
 14504,           0.9945040,        -755.0270300,
 14505,           0.9945050,        -755.0004200,
 14506,           0.9945060,        -754.9750300,
 14507,           0.9945070,        -754.9488000,
 14508,           0.9945080,        -754.9230000,
 14509,           0.9945090,        -754.8981300,
 14510,           0.9945100,        -754.8715200,
 14511,           0.9945110,        -754.8461000,
 14512,           0.9945120,        -754.8199000,
 14513,           0.9945130,        -754.7953000,
 14514,           0.9945140,        -754.7686000,
 14515,           0.9945150,        -754.7422400,
 14516,           0.9945160,        -754.7162000,
 14517,           0.9945170,        -754.6913400,
 14518,           0.9945180,        -754.6657100,
 14519,           0.9945190,        -754.6398000,
 14520,           0.9945200,        -754.6135200,
 14521,           0.9945210,        -754.5869100,
 14522,           0.9945220,        -754.5636000,
 14523,           0.9945230,        -754.5372000,
 14524,           0.9945240,        -754.5110000,
 14525,           0.9945250,        -754.4842000,
 14526,           0.9945260,        -754.4583000,
 14527,           0.9945270,        -754.4335000,
 14528,           0.9945280,        -754.4088100,
 14529,           0.9945290,        -754.3817000,
 14530,           0.9945300,        -754.3557000,
 14531,           0.9945310,        -754.3311000,
 14532,           0.9945320,        -754.3040100,
 14533,           0.9945330,        -754.2797200,
 14534,           0.9945340,        -754.2529000,
 14535,           0.9945350,        -754.2269200,
 14536,           0.9945360,        -754.2015300,
 14537,           0.9945370,        -754.1758000,
 14538,           0.9945380,        -754.1495300,
 14539,           0.9945390,        -754.1248000,
 14540,           0.9945400,        -754.0994000,
 14541,           0.9945410,        -754.0734200,
 14542,           0.9945420,        -754.0469300,
 14543,           0.9945430,        -754.0203000,
 14544,           0.9945440,        -753.9957200,
 14545,           0.9945450,        -753.9709400,
 14546,           0.9945460,        -753.9451000,
 14547,           0.9945470,        -753.9182000,
 14548,           0.9945480,        -753.8923000,
 14549,           0.9945490,        -753.8673000,
 14550,           0.9945500,        -753.8430000,
 14551,           0.9945510,        -753.8156100,
 14552,           0.9945520,        -753.7900000,
 14553,           0.9945530,        -753.7640300,
 14554,           0.9945540,        -753.7387000,
 14555,           0.9945550,        -753.7137400,
 14556,           0.9945560,        -753.6876200,
 14557,           0.9945570,        -753.6616200,
 14558,           0.9945580,        -753.6366000,
 14559,           0.9945590,        -753.6104100,
 14560,           0.9945600,        -753.5858000,
 14561,           0.9945610,        -753.5598000,
 14562,           0.9945620,        -753.5345400,
 14563,           0.9945630,        -753.5084000,
 14564,           0.9945640,        -753.4825000,
 14565,           0.9945650,        -753.4556000,
 14566,           0.9945660,        -753.4310000,
 14567,           0.9945670,        -753.4069200,
 14568,           0.9945680,        -753.3803100,
 14569,           0.9945690,        -753.3534000,
 14570,           0.9945700,        -753.3273300,
 14571,           0.9945710,        -753.3046000,
 14572,           0.9945720,        -753.2778300,
 14573,           0.9945730,        -753.2520100,
 14574,           0.9945740,        -753.2258300,
 14575,           0.9945750,        -753.1992000,
 14576,           0.9945760,        -753.1743100,
 14577,           0.9945770,        -753.1501000,
 14578,           0.9945780,        -753.1241000,
 14579,           0.9945790,        -753.0978300,
 14580,           0.9945800,        -753.0730000,
 14581,           0.9945810,        -753.0463200,
 14582,           0.9945820,        -753.0222100,
 14583,           0.9945830,        -752.9954000,
 14584,           0.9945840,        -752.9692300,
 14585,           0.9945850,        -752.9453000,
 14586,           0.9945860,        -752.9187000,
 14587,           0.9945870,        -752.8920200,
 14588,           0.9945880,        -752.8676000,
 14589,           0.9945890,        -752.8434400,
 14590,           0.9945900,        -752.8165200,
 14591,           0.9945910,        -752.7908300,
 14592,           0.9945920,        -752.7648000,
 14593,           0.9945930,        -752.7399000,
 14594,           0.9945940,        -752.7150200,
 14595,           0.9945950,        -752.6890000,
 14596,           0.9945960,        -752.6631000,
 14597,           0.9945970,        -752.6374000,
 14598,           0.9945980,        -752.6120000,
 14599,           0.9945990,        -752.5873000,
 14600,           0.9946000,        -752.5610000,
 14601,           0.9946010,        -752.5350000,
 14602,           0.9946020,        -752.5089000,
 14603,           0.9946030,        -752.4845000,
 14604,           0.9946040,        -752.4587400,
 14605,           0.9946050,        -752.4332200,
 14606,           0.9946060,        -752.4072000,
 14607,           0.9946070,        -752.3833000,
 14608,           0.9946080,        -752.3566000,
 14609,           0.9946090,        -752.3307000,
 14610,           0.9946100,        -752.3059000,
 14611,           0.9946110,        -752.2800000,
 14612,           0.9946120,        -752.2551200,
 14613,           0.9946130,        -752.2292400,
 14614,           0.9946140,        -752.2031200,
 14615,           0.9946150,        -752.1768000,
 14616,           0.9946160,        -752.1535000,
 14617,           0.9946170,        -752.1277400,
 14618,           0.9946180,        -752.1017000,
 14619,           0.9946190,        -752.0751300,
 14620,           0.9946200,        -752.0494300,
 14621,           0.9946210,        -752.0264200,
 14622,           0.9946220,        -751.9998100,
 14623,           0.9946230,        -751.9739000,
 14624,           0.9946240,        -751.9481200,
 14625,           0.9946250,        -751.9240100,
 14626,           0.9946260,        -751.8978200,
 14627,           0.9946270,        -751.8729200,
 14628,           0.9946280,        -751.8467400,
 14629,           0.9946290,        -751.8203100,
 14630,           0.9946300,        -751.7965000,
 14631,           0.9946310,        -751.7703200,
 14632,           0.9946320,        -751.7458400,
 14633,           0.9946330,        -751.7190000,
 14634,           0.9946340,        -751.6949000,
 14635,           0.9946350,        -751.6694300,
 14636,           0.9946360,        -751.6429400,
 14637,           0.9946370,        -751.6170000,
 14638,           0.9946380,        -751.5920400,
 14639,           0.9946390,        -751.5682000,
 14640,           0.9946400,        -751.5416200,
 14641,           0.9946410,        -751.5159300,
 14642,           0.9946420,        -751.4900000,
 14643,           0.9946430,        -751.4663000,
 14644,           0.9946440,        -751.4409100,
 14645,           0.9946450,        -751.4148000,
 14646,           0.9946460,        -751.3892000,
 14647,           0.9946470,        -751.3627300,
 14648,           0.9946480,        -751.3381300,
 14649,           0.9946490,        -751.3141400,
 14650,           0.9946500,        -751.2873000,
 14651,           0.9946510,        -751.2615300,
 14652,           0.9946520,        -751.2375400,
 14653,           0.9946530,        -751.2118000,
 14654,           0.9946540,        -751.1866000,
 14655,           0.9946550,        -751.1607000,
 14656,           0.9946560,        -751.1348200,
 14657,           0.9946570,        -751.1104000,
 14658,           0.9946580,        -751.0848000,
 14659,           0.9946590,        -751.0587100,
 14660,           0.9946600,        -751.0343000,
 14661,           0.9946610,        -751.0096400,
 14662,           0.9946620,        -750.9838000,
 14663,           0.9946630,        -750.9574000,
 14664,           0.9946640,        -750.9312000,
 14665,           0.9946650,        -750.9053300,
 14666,           0.9946660,        -750.8830000,
 14667,           0.9946670,        -750.8571100,
 14668,           0.9946680,        -750.8308100,
 14669,           0.9946690,        -750.8047000,
 14670,           0.9946700,        -750.7811000,
 14671,           0.9946710,        -750.7559000,
 14672,           0.9946720,        -750.7302200,
 14673,           0.9946730,        -750.7040400,
 14674,           0.9946740,        -750.6785200,
 14675,           0.9946750,        -750.6539000,
 14676,           0.9946760,        -750.6284100,
 14677,           0.9946770,        -750.6038200,
 14678,           0.9946780,        -750.5774000,
 14679,           0.9946790,        -750.5532200,
 14680,           0.9946800,        -750.5278000,
 14681,           0.9946810,        -750.5016000,
 14682,           0.9946820,        -750.4772300,
 14683,           0.9946830,        -750.4510400,
 14684,           0.9946840,        -750.4271000,
 14685,           0.9946850,        -750.4009300,
 14686,           0.9946860,        -750.3751200,
 14687,           0.9946870,        -750.3496000,
 14688,           0.9946880,        -750.3259200,
 14689,           0.9946890,        -750.3004000,
 14690,           0.9946900,        -750.2748400,
 14691,           0.9946910,        -750.2496000,
 14692,           0.9946920,        -750.2231400,
 14693,           0.9946930,        -750.1985400,
 14694,           0.9946940,        -750.1744300,
 14695,           0.9946950,        -750.1483100,
 14696,           0.9946960,        -750.1227400,
 14697,           0.9946970,        -750.0981400,
 14698,           0.9946980,        -750.0723000,
 14699,           0.9946990,        -750.0479000,
 14700,           0.9947000,        -750.0224000,
 14701,           0.9947010,        -749.9965000,
 14702,           0.9947020,        -749.9717400,
 14703,           0.9947030,        -749.9464000,
 14704,           0.9947040,        -749.9208300,
 14705,           0.9947050,        -749.8958000,
 14706,           0.9947060,        -749.8717000,
 14707,           0.9947070,        -749.8459400,
 14708,           0.9947080,        -749.8207000,
 14709,           0.9947090,        -749.7941000,
 14710,           0.9947100,        -749.7695000,
 14711,           0.9947110,        -742.0645100,
 14712,           0.9947120,        -742.0379000,
 14713,           0.9947130,        -742.0123000,
 14714,           0.9947140,        -741.9867000,
 14715,           0.9947150,        -741.9619000,
 14716,           0.9947160,        -741.9373100,
 14717,           0.9947170,        -741.9114300,
 14718,           0.9947180,        -741.8859200,
 14719,           0.9947190,        -741.8594000,
 14720,           0.9947200,        -741.8352000,
 14721,           0.9947210,        -741.8099000,
 14722,           0.9947220,        -741.7849100,
 14723,           0.9947230,        -741.7589100,
 14724,           0.9947240,        -741.7349000,
 14725,           0.9947250,        -741.7088000,
 14726,           0.9947260,        -741.6829000,
 14727,           0.9947270,        -741.6584000,
 14728,           0.9947280,        -741.6326000,
 14729,           0.9947290,        -741.6080300,
 14730,           0.9947300,        -741.5827000,
 14731,           0.9947310,        -741.5569400,
 14732,           0.9947320,        -741.5305000,
 14733,           0.9947330,        -741.5079300,
 14734,           0.9947340,        -741.4824000,
 14735,           0.9947350,        -741.4562300,
 14736,           0.9947360,        -741.4299300,
 14737,           0.9947370,        -741.4044000,
 14738,           0.9947380,        -741.3805000,
 14739,           0.9947390,        -741.3557000,
 14740,           0.9947400,        -741.3300100,
 14741,           0.9947410,        -741.3046000,
 14742,           0.9947420,        -741.2796000,
 14743,           0.9947430,        -741.2542100,
 14744,           0.9947440,        -741.2297000,
 14745,           0.9947450,        -741.2039000,
 14746,           0.9947460,        -741.1774000,
 14747,           0.9947470,        -741.1538000,
 14748,           0.9947480,        -741.1282000,
 14749,           0.9947490,        -741.1017400,
 14750,           0.9947500,        -741.0775000,
 14751,           0.9947510,        -741.0538000,
 14752,           0.9947520,        -741.0276000,
 14753,           0.9947530,        -741.0021000,
 14754,           0.9947540,        -740.9760100,
 14755,           0.9947550,        -740.9504000,
 14756,           0.9947560,        -740.9271200,
 14757,           0.9947570,        -740.9016100,
 14758,           0.9947580,        -740.8760300,
 14759,           0.9947590,        -740.8500300,
 14760,           0.9947600,        -740.8259200,
 14761,           0.9947610,        -740.8019400,
 14762,           0.9947620,        -740.7755100,
 14763,           0.9947630,        -740.7498100,
 14764,           0.9947640,        -740.7255200,
 14765,           0.9947650,        -740.6998000,
 14766,           0.9947660,        -740.6741300,
 14767,           0.9947670,        -740.6497100,
 14768,           0.9947680,        -740.6244000,
 14769,           0.9947690,        -740.6000000,
 14770,           0.9947700,        -740.5745200,
 14771,           0.9947710,        -740.5491000,
 14772,           0.9947720,        -740.5229400,
 14773,           0.9947730,        -740.4996300,
 14774,           0.9947740,        -740.4749100,
 14775,           0.9947750,        -740.4489000,
 14776,           0.9947760,        -740.4225400,
 14777,           0.9947770,        -740.3973300,
 14778,           0.9947780,        -740.3736000,
 14779,           0.9947790,        -740.3486300,
 14780,           0.9947800,        -740.3232000,
 14781,           0.9947810,        -740.2979000,
 14782,           0.9947820,        -740.2730100,
 14783,           0.9947830,        -740.2474300,
 14784,           0.9947840,        -740.2234000,
 14785,           0.9947850,        -740.1974400,
 14786,           0.9947860,        -740.1716300,
 14787,           0.9947870,        -740.1479000,
 14788,           0.9947880,        -740.1218200,
 14789,           0.9947890,        -740.0964000,
 14790,           0.9947900,        -740.0726000,
 14791,           0.9947910,        -740.0484000,
 14792,           0.9947920,        -740.0223300,
 14793,           0.9947930,        -739.9967000,
 14794,           0.9947940,        -739.9713000,
 14795,           0.9947950,        -739.9453000,
 14796,           0.9947960,        -739.9228000,
 14797,           0.9947970,        -739.8975200,
 14798,           0.9947980,        -739.8712000,
 14799,           0.9947990,        -739.8461000,
 14800,           0.9948000,        -739.8221000,
 14801,           0.9948010,        -739.7971100,
 14802,           0.9948020,        -739.7719000,
 14803,           0.9948030,        -739.7463000,
 14804,           0.9948040,        -739.7209400,
 14805,           0.9948050,        -739.6967100,
 14806,           0.9948060,        -739.6711400,
 14807,           0.9948070,        -739.6470300,
 14808,           0.9948080,        -739.6212100,
 14809,           0.9948090,        -739.5972200,
 14810,           0.9948100,        -739.5713000,
 14811,           0.9948110,        -739.5456000,
 14812,           0.9948120,        -739.5206000,
 14813,           0.9948130,        -739.4962000,
 14814,           0.9948140,        -739.4718000,
 14815,           0.9948150,        -739.4468300,
 14816,           0.9948160,        -739.4208300,
 14817,           0.9948170,        -739.3958100,
 14818,           0.9948180,        -739.3715000,
 14819,           0.9948190,        -739.3477000,
 14820,           0.9948200,        -739.3215000,
 14821,           0.9948210,        -739.2958000,
 14822,           0.9948220,        -739.2707000,
 14823,           0.9948230,        -739.2466400,
 14824,           0.9948240,        -739.2221000,
 14825,           0.9948250,        -739.1970200,
 14826,           0.9948260,        -739.1718000,
 14827,           0.9948270,        -739.1474000,
 14828,           0.9948280,        -739.1219000,
 14829,           0.9948290,        -739.0964000,
 14830,           0.9948300,        -739.0721400,
 14831,           0.9948310,        -739.0463000,
 14832,           0.9948320,        -739.0229000,
 14833,           0.9948330,        -738.9976100,
 14834,           0.9948340,        -738.9711000,
 14835,           0.9948350,        -738.9464100,
 14836,           0.9948360,        -738.9240100,
 14837,           0.9948370,        -738.8977000,
 14838,           0.9948380,        -738.8729200,
 14839,           0.9948390,        -738.8474000,
 14840,           0.9948400,        -738.8210000,
 14841,           0.9948410,        -738.7973000,
 14842,           0.9948420,        -738.7737400,
 14843,           0.9948430,        -738.7480000,
 14844,           0.9948440,        -738.7225300,
 14845,           0.9948450,        -738.6989100,
 14846,           0.9948460,        -738.6738200,
 14847,           0.9948470,        -738.6490000,
 14848,           0.9948480,        -738.6237100,
 14849,           0.9948490,        -738.5983200,
 14850,           0.9948500,        -738.5743000,
 14851,           0.9948510,        -738.5484000,
 14852,           0.9948520,        -738.5237400,
 14853,           0.9948530,        -738.4991000,
 14854,           0.9948540,        -738.4755000,
 14855,           0.9948550,        -738.4504300,
 14856,           0.9948560,        -738.4246000,
 14857,           0.9948570,        -738.3992000,
 14858,           0.9948580,        -738.3735000,
 14859,           0.9948590,        -738.3506400,
 14860,           0.9948600,        -738.3260400,
 14861,           0.9948610,        -738.3006000,
 14862,           0.9948620,        -738.2747100,
 14863,           0.9948630,        -738.2513000,
 14864,           0.9948640,        -738.2258000,
 14865,           0.9948650,        -738.2019000,
 14866,           0.9948660,        -738.1765100,
 14867,           0.9948670,        -738.1509300,
 14868,           0.9948680,        -738.1271000,
 14869,           0.9948690,        -738.1016200,
 14870,           0.9948700,        -738.0763000,
 14871,           0.9948710,        -738.0521200,
 14872,           0.9948720,        -738.0284000,
 14873,           0.9948730,        -738.0033000,
 14874,           0.9948740,        -737.9777000,
 14875,           0.9948750,        -737.9524000,
 14876,           0.9948760,        -737.9283000,
 14877,           0.9948770,        -737.9045000,
 14878,           0.9948780,        -737.8787000,
 14879,           0.9948790,        -737.8537000,
 14880,           0.9948800,        -737.8284000,
 14881,           0.9948810,        -737.8046200,
 14882,           0.9948820,        -737.7809400,
 14883,           0.9948830,        -737.7554300,
 14884,           0.9948840,        -737.7303400,
 14885,           0.9948850,        -737.7043400,
 14886,           0.9948860,        -737.6807200,
 14887,           0.9948870,        -737.6557000,
 14888,           0.9948880,        -737.6313400,
 14889,           0.9948890,        -737.6064400,
 14890,           0.9948900,        -737.5827000,
 14891,           0.9948910,        -737.5571200,
 14892,           0.9948920,        -737.5322000,
 14893,           0.9948930,        -737.5068000,
 14894,           0.9948940,        -737.4826000,
 14895,           0.9948950,        -737.4589200,
 14896,           0.9948960,        -737.4336000,
 14897,           0.9948970,        -737.4079000,
 14898,           0.9948980,        -737.3834200,
 14899,           0.9948990,        -737.3593000,
 14900,           0.9949000,        -737.3351400,
 14901,           0.9949010,        -737.3102400,
 14902,           0.9949020,        -737.2850300,
 14903,           0.9949030,        -737.2596400,
 14904,           0.9949040,        -737.2361000,
 14905,           0.9949050,        -737.2104000,
 14906,           0.9949060,        -737.1864000,
 14907,           0.9949070,        -737.1613000,
 14908,           0.9949080,        -737.1381200,
 14909,           0.9949090,        -737.1124200,
 14910,           0.9949100,        -737.0873000,
 14911,           0.9949110,        -737.0635300,
 14912,           0.9949120,        -737.0388000,
 14913,           0.9949130,        -737.0145000,
 14914,           0.9949140,        -736.9889000,
 14915,           0.9949150,        -736.9642000,
 14916,           0.9949160,        -736.9385000,
 14917,           0.9949170,        -736.9162000,
 14918,           0.9949180,        -736.8914100,
 14919,           0.9949190,        -736.8660000,
 14920,           0.9949200,        -736.8411200,
 14921,           0.9949210,        -736.8158000,
 14922,           0.9949220,        -736.7919300,
 14923,           0.9949230,        -736.7678000,
 14924,           0.9949240,        -736.7434000,
 14925,           0.9949250,        -736.7175200,
 14926,           0.9949260,        -736.6942000,
 14927,           0.9949270,        -736.6694000,
 14928,           0.9949280,        -736.6435000,
 14929,           0.9949290,        -736.6198000,
 14930,           0.9949300,        -736.5950000,
 14931,           0.9949310,        -736.5712200,
 14932,           0.9949320,        -736.5456000,
 14933,           0.9949330,        -736.5211100,
 14934,           0.9949340,        -736.4955000,
 14935,           0.9949350,        -736.4734000,
 14936,           0.9949360,        -736.4483000,
 14937,           0.9949370,        -736.4229100,
 14938,           0.9949380,        -736.3978200,
 14939,           0.9949390,        -736.3731000,
 14940,           0.9949400,        -736.3493000,
 14941,           0.9949410,        -736.3257400,
 14942,           0.9949420,        -736.3003000,
 14943,           0.9949430,        -736.2751000,
 14944,           0.9949440,        -736.2512000,
 14945,           0.9949450,        -736.2266200,
 14946,           0.9949460,        -736.2021000,
 14947,           0.9949470,        -736.1772400,
 14948,           0.9949480,        -736.1529000,
 14949,           0.9949490,        -736.1293300,
 14950,           0.9949500,        -736.1041000,
 14951,           0.9949510,        -736.0789100,
 14952,           0.9949520,        -736.0542000,
 14953,           0.9949530,        -736.0315000,
 14954,           0.9949540,        -736.0065300,
 14955,           0.9949550,        -735.9819000,
 14956,           0.9949560,        -735.9565000,
 14957,           0.9949570,        -735.9329000,
 14958,           0.9949580,        -735.9083000,
 14959,           0.9949590,        -735.8839000,
 14960,           0.9949600,        -735.8593000,
 14961,           0.9949610,        -735.8340000,
 14962,           0.9949620,        -735.8102400,
 14963,           0.9949630,        -735.7855000,
 14964,           0.9949640,        -735.7615000,
 14965,           0.9949650,        -735.7365100,
 14966,           0.9949660,        -735.7130100,
 14967,           0.9949670,        -735.6885300,
 14968,           0.9949680,        -735.6633300,
 14969,           0.9949690,        -735.6384000,
 14970,           0.9949700,        -735.6146000,
 14971,           0.9949710,        -735.5909400,
 14972,           0.9949720,        -735.5655000,
 14973,           0.9949730,        -735.5411000,
 14974,           0.9949740,        -735.5160000,
 14975,           0.9949750,        -735.4922400,
 14976,           0.9949760,        -735.4692300,
 14977,           0.9949770,        -735.4440000,
 14978,           0.9949780,        -735.4188000,
 14979,           0.9949790,        -735.3940000,
 14980,           0.9949800,        -735.3694000,
 14981,           0.9949810,        -735.3455000,
 14982,           0.9949820,        -735.3219000,
 14983,           0.9949830,        -735.2964400,
 14984,           0.9949840,        -735.2734000,
 14985,           0.9949850,        -735.2487000,
 14986,           0.9949860,        -735.2230200,
 14987,           0.9949870,        -735.1984000,
 14988,           0.9949880,        -735.1749000,
 14989,           0.9949890,        -735.1509000,
 14990,           0.9949900,        -735.1264000,
 14991,           0.9949910,        -735.1016000,
 14992,           0.9949920,        -735.0760400,
 14993,           0.9949930,        -735.0532200,
 14994,           0.9949940,        -735.0295400,
 14995,           0.9949950,        -735.0045000,
 14996,           0.9949960,        -734.9799000,
 14997,           0.9949970,        -734.9549000,
 14998,           0.9949980,        -734.9312000,
 14999,           0.9949990,        -734.9061200,
 15000,           0.9950000,        -734.8828000,
 15001,           0.9950010,        -734.8580000,
 15002,           0.9950020,        -734.8346000,
 15003,           0.9950030,        -734.8099000,
 15004,           0.9950040,        -734.7847200,
 15005,           0.9950050,        -734.7598200,
 15006,           0.9950060,        -734.7368100,
 15007,           0.9950070,        -734.7125000,
 15008,           0.9950080,        -734.6880400,
 15009,           0.9950090,        -734.6636000,
 15010,           0.9950100,        -734.6381200,
 15011,           0.9950110,        -734.6149000,
 15012,           0.9950120,        -734.5914000,
 15013,           0.9950130,        -734.5665200,
 15014,           0.9950140,        -734.5419300,
 15015,           0.9950150,        -734.5171000,
 15016,           0.9950160,        -734.4933000,
 15017,           0.9950170,        -734.4688100,
 15018,           0.9950180,        -734.4456100,
 15019,           0.9950190,        -734.4202000,
 15020,           0.9950200,        -734.3969100,
 15021,           0.9950210,        -734.3727000,
 15022,           0.9950220,        -734.3472000,
 15023,           0.9950230,        -734.3228100,
 15024,           0.9950240,        -734.2995000,
 15025,           0.9950250,        -734.2755000,
 15026,           0.9950260,        -734.2509100,
 15027,           0.9950270,        -734.2265000,
 15028,           0.9950280,        -734.2011100,
 15029,           0.9950290,        -734.1779100,
 15030,           0.9950300,        -734.1549000,
 15031,           0.9950310,        -734.1295000,
 15032,           0.9950320,        -734.1054000,
 15033,           0.9950330,        -734.0805000,
 15034,           0.9950340,        -734.0571200,
 15035,           0.9950350,        -734.0324000,
 15036,           0.9950360,        -734.0090300,
 15037,           0.9950370,        -733.9839000,
 15038,           0.9950380,        -733.9606300,
 15039,           0.9950390,        -733.9364000,
 15040,           0.9950400,        -733.9114000,
 15041,           0.9950410,        -733.8867100,
 15042,           0.9950420,        -733.8634000,
 15043,           0.9950430,        -733.8397200,
 15044,           0.9950440,        -733.8152400,
 15045,           0.9950450,        -733.7905000,
 15046,           0.9950460,        -733.7651300,
 15047,           0.9950470,        -733.7422400,
 15048,           0.9950480,        -733.7186200,
 15049,           0.9950490,        -733.6943000,
 15050,           0.9950500,        -733.6699000,
 15051,           0.9950510,        -733.6445000,
 15052,           0.9950520,        -733.6220000,
 15053,           0.9950530,        -733.5970000,
 15054,           0.9950540,        -733.5729000,
 15055,           0.9950550,        -733.5487000,
 15056,           0.9950560,        -733.5256300,
 15057,           0.9950570,        -733.5006100,
 15058,           0.9950580,        -733.4761000,
 15059,           0.9950590,        -733.4519000,
 15060,           0.9950600,        -733.4282200,
 15061,           0.9950610,        -733.4052000,
 15062,           0.9950620,        -733.3810000,
 15063,           0.9950630,        -733.3553000,
 15064,           0.9950640,        -733.3310000,
 15065,           0.9950650,        -733.3079200,
 15066,           0.9950660,        -733.2843000,
 15067,           0.9950670,        -733.2601000,
 15068,           0.9950680,        -733.2355000,
 15069,           0.9950690,        -733.2104000,
 15070,           0.9950700,        -733.1873100,
 15071,           0.9950710,        -733.1632000,
 15072,           0.9950720,        -733.1396400,
 15073,           0.9950730,        -733.1148000,
 15074,           0.9950740,        -733.0923000,
 15075,           0.9950750,        -733.0667000,
 15076,           0.9950760,        -733.0425000,
 15077,           0.9950770,        -733.0181200,
 15078,           0.9950780,        -732.9945000,
 15079,           0.9950790,        -732.9716000,
 15080,           0.9950800,        -732.9470000,
 15081,           0.9950810,        -732.9224000,
 15082,           0.9950820,        -732.8979000,
 15083,           0.9950830,        -732.8741000,
 15084,           0.9950840,        -732.8514000,
 15085,           0.9950850,        -732.8266000,
 15086,           0.9950860,        -732.8019400,
 15087,           0.9950870,        -732.7778300,
 15088,           0.9950880,        -732.7546300,
 15089,           0.9950890,        -732.7299100,
 15090,           0.9950900,        -732.7068400,
 15091,           0.9950910,        -732.6823100,
 15092,           0.9950920,        -732.6585000,
 15093,           0.9950930,        -732.6345200,
 15094,           0.9950940,        -732.6103000,
 15095,           0.9950950,        -732.5847000,
 15096,           0.9950960,        -732.5625000,
 15097,           0.9950970,        -732.5392000,
 15098,           0.9950980,        -732.5148300,
 15099,           0.9950990,        -732.4901100,
 15100,           0.9951000,        -732.4660000,
 15101,           0.9951010,        -732.4422000,
 15102,           0.9951020,        -732.4193100,
 15103,           0.9951030,        -732.3950000,
 15104,           0.9951040,        -732.3702300,
 15105,           0.9951050,        -732.3459000,
 15106,           0.9951060,        -732.3230000,
 15107,           0.9951070,        -732.2985000,
 15108,           0.9951080,        -732.2743000,
 15109,           0.9951090,        -732.2502400,
 15110,           0.9951100,        -732.2275000,
 15111,           0.9951110,        -732.2032000,
 15112,           0.9951120,        -732.1785200,
 15113,           0.9951130,        -732.1540000,
 15114,           0.9951140,        -732.1299400,
 15115,           0.9951150,        -732.1073000,
 15116,           0.9951160,        -732.0837000,
 15117,           0.9951170,        -732.0593200,
 15118,           0.9951180,        -732.0344200,
 15119,           0.9951190,        -732.0118400,
 15120,           0.9951200,        -731.9872000,
 15121,           0.9951210,        -731.9639000,
 15122,           0.9951220,        -731.9395100,
 15123,           0.9951230,        -731.9156000,
 15124,           0.9951240,        -731.8925100,
 15125,           0.9951250,        -731.8680400,
 15126,           0.9951260,        -731.8439300,
 15127,           0.9951270,        -731.8201200,
 15128,           0.9951280,        -731.7975400,
 15129,           0.9951290,        -731.7726000,
 15130,           0.9951300,        -731.7486000,
 15131,           0.9951310,        -731.7244200,
 15132,           0.9951320,        -731.6996000,
 15133,           0.9951330,        -731.6782000,
 15134,           0.9951340,        -731.6542000,
 15135,           0.9951350,        -731.6292000,
 15136,           0.9951360,        -731.6051000,
 15137,           0.9951370,        -731.5826000,
 15138,           0.9951380,        -731.5575000,
 15139,           0.9951390,        -731.5345400,
 15140,           0.9951400,        -731.5105000,
 15141,           0.9951410,        -731.4855000,
 15142,           0.9951420,        -731.4633000,
 15143,           0.9951430,        -731.4388000,
 15144,           0.9951440,        -731.4146100,
 15145,           0.9951450,        -731.3916000,
 15146,           0.9951460,        -731.3683400,
 15147,           0.9951470,        -731.3436200,
 15148,           0.9951480,        -731.3201200,
 15149,           0.9951490,        -731.2949000,
 15150,           0.9951500,        -731.2710000,
 15151,           0.9951510,        -731.2497000,
 15152,           0.9951520,        -731.2252000,
 15153,           0.9951530,        -731.2010400,
 15154,           0.9951540,        -731.1770000,
 15155,           0.9951550,        -731.1536200,
 15156,           0.9951560,        -731.1293300,
 15157,           0.9951570,        -731.1055200,
 15158,           0.9951580,        -731.0818400,
 15159,           0.9951590,        -731.0596000,
 15160,           0.9951600,        -731.0355200,
 15161,           0.9951610,        -731.0104000,
 15162,           0.9951620,        -730.9869300,
 15163,           0.9951630,        -730.9619000,
 15164,           0.9951640,        -730.9412000,
 15165,           0.9951650,        -730.9166200,
 15166,           0.9951660,        -730.8918000,
 15167,           0.9951670,        -730.8677300,
 15168,           0.9951680,        -730.8456400,
 15169,           0.9951690,        -730.8207300,
 15170,           0.9951700,        -730.7981000,
 15171,           0.9951710,        -730.7740000,
 15172,           0.9951720,        -723.0240000,
 15173,           0.9951730,        -723.0014000,
 15174,           0.9951740,        -722.9773000,
 15175,           0.9951750,        -722.9524000,
 15176,           0.9951760,        -722.9297000,
 15177,           0.9951770,        -722.9058200,
 15178,           0.9951780,        -722.8819000,
 15179,           0.9951790,        -722.8580000,
 15180,           0.9951800,        -722.8331200,
 15181,           0.9951810,        -722.8095000,
 15182,           0.9951820,        -722.7879000,
 15183,           0.9951830,        -722.7631200,
 15184,           0.9951840,        -722.7390100,
 15185,           0.9951850,        -722.7148400,
 15186,           0.9951860,        -722.6912200,
 15187,           0.9951870,        -722.6674100,
 15188,           0.9951880,        -722.6447000,
 15189,           0.9951890,        -722.6202000,
 15190,           0.9951900,        -722.5958000,
 15191,           0.9951910,        -722.5729300,
 15192,           0.9951920,        -722.5490000,
 15193,           0.9951930,        -722.5250000,
 15194,           0.9951940,        -722.4998000,
 15195,           0.9951950,        -722.4782100,
 15196,           0.9951960,        -722.4545200,
 15197,           0.9951970,        -722.4297000,
 15198,           0.9951980,        -722.4058200,
 15199,           0.9951990,        -722.3817000,
 15200,           0.9952000,        -722.3586400,
 15201,           0.9952010,        -722.3361200,
 15202,           0.9952020,        -722.3123100,
 15203,           0.9952030,        -722.2866200,
 15204,           0.9952040,        -722.2643400,
 15205,           0.9952050,        -722.2396000,
 15206,           0.9952060,        -722.2156000,
 15207,           0.9952070,        -722.1930000,
 15208,           0.9952080,        -722.1685100,
 15209,           0.9952090,        -722.1459300,
 15210,           0.9952100,        -722.1221300,
 15211,           0.9952110,        -722.0974000,
 15212,           0.9952120,        -722.0731200,
 15213,           0.9952130,        -722.0517000,
 15214,           0.9952140,        -722.0275200,
 15215,           0.9952150,        -722.0035000,
 15216,           0.9952160,        -721.9788200,
 15217,           0.9952170,        -721.9554400,
 15218,           0.9952180,        -721.9326000,
 15219,           0.9952190,        -721.9092000,
 15220,           0.9952200,        -721.8854300,
 15221,           0.9952210,        -721.8616000,
 15222,           0.9952220,        -721.8380000,
 15223,           0.9952230,        -721.8143000,
 15224,           0.9952240,        -721.7902200,
 15225,           0.9952250,        -721.7657400,
 15226,           0.9952260,        -721.7430400,
 15227,           0.9952270,        -721.7203000,
 15228,           0.9952280,        -721.6961000,
 15229,           0.9952290,        -721.6721000,
 15230,           0.9952300,        -721.6473300,
 15231,           0.9952310,        -721.6250000,
 15232,           0.9952320,        -721.6024100,
 15233,           0.9952330,        -721.5782400,
 15234,           0.9952340,        -721.5543000,
 15235,           0.9952350,        -721.5306000,
 15236,           0.9952360,        -721.5073000,
 15237,           0.9952370,        -721.4836000,
 15238,           0.9952380,        -721.4597000,
 15239,           0.9952390,        -721.4364000,
 15240,           0.9952400,        -721.4139000,
 15241,           0.9952410,        -721.3893000,
 15242,           0.9952420,        -721.3654100,
 15243,           0.9952430,        -721.3416100,
 15244,           0.9952440,        -721.3184000,
 15245,           0.9952450,        -721.2964000,
 15246,           0.9952460,        -721.2715000,
 15247,           0.9952470,        -721.2481000,
 15248,           0.9952480,        -721.2239000,
 15249,           0.9952490,        -721.2012300,
 15250,           0.9952500,        -721.1770000,
 15251,           0.9952510,        -721.1549000,
 15252,           0.9952520,        -721.1302000,
 15253,           0.9952530,        -721.1064000,
 15254,           0.9952540,        -721.0839000,
 15255,           0.9952550,        -721.0593200,
 15256,           0.9952560,        -721.0354000,
 15257,           0.9952570,        -721.0123200,
 15258,           0.9952580,        -720.9900000,
 15259,           0.9952590,        -720.9665000,
 15260,           0.9952600,        -720.9420100,
 15261,           0.9952610,        -720.9184000,
 15262,           0.9952620,        -720.8945000,
 15263,           0.9952630,        -720.8727000,
 15264,           0.9952640,        -720.8489300,
 15265,           0.9952650,        -720.8255000,
 15266,           0.9952660,        -720.8008400,
 15267,           0.9952670,        -720.7785000,
 15268,           0.9952680,        -720.7543300,
 15269,           0.9952690,        -720.7305200,
 15270,           0.9952700,        -720.7081000,
 15271,           0.9952710,        -720.6837000,
 15272,           0.9952720,        -720.6614000,
 15273,           0.9952730,        -720.6373000,
 15274,           0.9952740,        -720.6131000,
 15275,           0.9952750,        -720.5893000,
 15276,           0.9952760,        -720.5683000,
 15277,           0.9952770,        -720.5441200,
 15278,           0.9952780,        -720.5206000,
 15279,           0.9952790,        -720.4960000,
 15280,           0.9952800,        -720.4722200,
 15281,           0.9952810,        -720.4501000,
 15282,           0.9952820,        -720.4272400,
 15283,           0.9952830,        -720.4034000,
 15284,           0.9952840,        -720.3791000,
 15285,           0.9952850,        -720.3568100,
 15286,           0.9952860,        -720.3333100,
 15287,           0.9952870,        -720.3090000,
 15288,           0.9952880,        -720.2852100,
 15289,           0.9952890,        -720.2628000,
 15290,           0.9952900,        -720.2400000,
 15291,           0.9952910,        -720.2164000,
 15292,           0.9952920,        -720.1928100,
 15293,           0.9952930,        -720.1688000,
 15294,           0.9952940,        -720.1462400,
 15295,           0.9952950,        -720.1235000,
 15296,           0.9952960,        -720.0998000,
 15297,           0.9952970,        -720.0759200,
 15298,           0.9952980,        -720.0515100,
 15299,           0.9952990,        -720.0297000,
 15300,           0.9953000,        -720.0059200,
 15301,           0.9953010,        -719.9834000,
 15302,           0.9953020,        -719.9594000,
 15303,           0.9953030,        -719.9370000,
 15304,           0.9953040,        -719.9131000,
 15305,           0.9953050,        -719.8897000,
 15306,           0.9953060,        -719.8652000,
 15307,           0.9953070,        -719.8416000,
 15308,           0.9953080,        -719.8209200,
 15309,           0.9953090,        -719.7970000,
 15310,           0.9953100,        -719.7732000,
 15311,           0.9953110,        -719.7494000,
 15312,           0.9953120,        -719.7271100,
 15313,           0.9953130,        -719.7035000,
 15314,           0.9953140,        -719.6805000,
 15315,           0.9953150,        -719.6566100,
 15316,           0.9953160,        -719.6332300,
 15317,           0.9953170,        -719.6104000,
 15318,           0.9953180,        -719.5869100,
 15319,           0.9953190,        -719.5627400,
 15320,           0.9953200,        -719.5410100,
 15321,           0.9953210,        -719.5186100,
 15322,           0.9953220,        -719.4948100,
 15323,           0.9953230,        -719.4706400,
 15324,           0.9953240,        -719.4471000,
 15325,           0.9953250,        -719.4231000,
 15326,           0.9953260,        -719.4011000,
 15327,           0.9953270,        -719.3782300,
 15328,           0.9953280,        -719.3546100,
 15329,           0.9953290,        -719.3315400,
 15330,           0.9953300,        -719.3090000,
 15331,           0.9953310,        -719.2852100,
 15332,           0.9953320,        -719.2616000,
 15333,           0.9953330,        -719.2391300,
 15334,           0.9953340,        -719.2150200,
 15335,           0.9953350,        -719.1927000,
 15336,           0.9953360,        -719.1693100,
 15337,           0.9953370,        -719.1456000,
 15338,           0.9953380,        -719.1220000,
 15339,           0.9953390,        -719.1012000,
 15340,           0.9953400,        -719.0768400,
 15341,           0.9953410,        -719.0535000,
 15342,           0.9953420,        -719.0301000,
 15343,           0.9953430,        -719.0059200,
 15344,           0.9953440,        -718.9840000,
 15345,           0.9953450,        -718.9606000,
 15346,           0.9953460,        -718.9379000,
 15347,           0.9953470,        -718.9147300,
 15348,           0.9953480,        -718.8918000,
 15349,           0.9953490,        -718.8686000,
 15350,           0.9953500,        -718.8451000,
 15351,           0.9953510,        -718.8214100,
 15352,           0.9953520,        -718.7990000,
 15353,           0.9953530,        -718.7769100,
 15354,           0.9953540,        -718.7534000,
 15355,           0.9953550,        -718.7296000,
 15356,           0.9953560,        -718.7057000,
 15357,           0.9953570,        -718.6838300,
 15358,           0.9953580,        -718.6607000,
 15359,           0.9953590,        -718.6376000,
 15360,           0.9953600,        -718.6146200,
 15361,           0.9953610,        -718.5914000,
 15362,           0.9953620,        -718.5682300,
 15363,           0.9953630,        -718.5452000,
 15364,           0.9953640,        -718.5212400,
 15365,           0.9953650,        -718.4987100,
 15366,           0.9953660,        -718.4769200,
 15367,           0.9953670,        -718.4531200,
 15368,           0.9953680,        -718.4300000,
 15369,           0.9953690,        -718.4063100,
 15370,           0.9953700,        -718.3842000,
 15371,           0.9953710,        -718.3621200,
 15372,           0.9953720,        -718.3384000,
 15373,           0.9953730,        -718.3149000,
 15374,           0.9953740,        -718.2916200,
 15375,           0.9953750,        -718.2692200,
 15376,           0.9953760,        -718.2459100,
 15377,           0.9953770,        -718.2224000,
 15378,           0.9953780,        -718.2001300,
 15379,           0.9953790,        -718.1780000,
 15380,           0.9953800,        -718.1542000,
 15381,           0.9953810,        -718.1313000,
 15382,           0.9953820,        -718.1069000,
 15383,           0.9953830,        -718.0840000,
 15384,           0.9953840,        -718.0635300,
 15385,           0.9953850,        -718.0392400,
 15386,           0.9953860,        -718.0164100,
 15387,           0.9953870,        -717.9931000,
 15388,           0.9953880,        -717.9706000,
 15389,           0.9953890,        -717.9473000,
 15390,           0.9953900,        -717.9239000,
 15391,           0.9953910,        -717.9014000,
 15392,           0.9953920,        -717.8781100,
 15393,           0.9953930,        -717.8561400,
 15394,           0.9953940,        -717.8325000,
 15395,           0.9953950,        -717.8090000,
 15396,           0.9953960,        -717.7857000,
 15397,           0.9953970,        -717.7656000,
 15398,           0.9953980,        -717.7415100,
 15399,           0.9953990,        -717.7185000,
 15400,           0.9954000,        -717.6951200,
 15401,           0.9954010,        -717.6711400,
 15402,           0.9954020,        -717.6495000,
 15403,           0.9954030,        -717.6258000,
 15404,           0.9954040,        -717.6039400,
 15405,           0.9954050,        -717.5812000,
 15406,           0.9954060,        -717.5586000,
 15407,           0.9954070,        -717.5353300,
 15408,           0.9954080,        -717.5115300,
 15409,           0.9954090,        -717.4884000,
 15410,           0.9954100,        -717.4665000,
 15411,           0.9954110,        -717.4445000,
 15412,           0.9954120,        -717.4215000,
 15413,           0.9954130,        -717.3973000,
 15414,           0.9954140,        -717.3746000,
 15415,           0.9954150,        -717.3527000,
 15416,           0.9954160,        -717.3288000,
 15417,           0.9954170,        -717.3069000,
 15418,           0.9954180,        -717.2838100,
 15419,           0.9954190,        -717.2604000,
 15420,           0.9954200,        -717.2385000,
 15421,           0.9954210,        -717.2148000,
 15422,           0.9954220,        -717.1918300,
 15423,           0.9954230,        -717.1704100,
 15424,           0.9954240,        -717.1481000,
 15425,           0.9954250,        -717.1246000,
 15426,           0.9954260,        -717.1012000,
 15427,           0.9954270,        -717.0781000,
 15428,           0.9954280,        -717.0547400,
 15429,           0.9954290,        -717.0328300,
 15430,           0.9954300,        -717.0110400,
 15431,           0.9954310,        -716.9876000,
 15432,           0.9954320,        -716.9647000,
 15433,           0.9954330,        -716.9428100,
 15434,           0.9954340,        -716.9189400,
 15435,           0.9954350,        -716.8958000,
 15436,           0.9954360,        -716.8737000,
 15437,           0.9954370,        -716.8508000,
 15438,           0.9954380,        -716.8290400,
 15439,           0.9954390,        -716.8057000,
 15440,           0.9954400,        -716.7826000,
 15441,           0.9954410,        -716.7598000,
 15442,           0.9954420,        -716.7374000,
 15443,           0.9954430,        -716.7154000,
 15444,           0.9954440,        -716.6918300,
 15445,           0.9954450,        -716.6688000,
 15446,           0.9954460,        -716.6465400,
 15447,           0.9954470,        -716.6240200,
 15448,           0.9954480,        -716.6008000,
 15449,           0.9954490,        -716.5789100,
 15450,           0.9954500,        -716.5560000,
 15451,           0.9954510,        -716.5339300,
 15452,           0.9954520,        -716.5106200,
 15453,           0.9954530,        -716.4877000,
 15454,           0.9954540,        -716.4640000,
 15455,           0.9954550,        -716.4413000,
 15456,           0.9954560,        -716.4209000,
 15457,           0.9954570,        -716.3975200,
 15458,           0.9954580,        -716.3746000,
 15459,           0.9954590,        -716.3510000,
 15460,           0.9954600,        -716.3298000,
 15461,           0.9954610,        -716.3065000,
 15462,           0.9954620,        -716.2833000,
 15463,           0.9954630,        -716.2615300,
 15464,           0.9954640,        -716.2382200,
 15465,           0.9954650,        -716.2164300,
 15466,           0.9954660,        -716.1938000,
 15467,           0.9954670,        -716.1705300,
 15468,           0.9954680,        -716.1472000,
 15469,           0.9954690,        -716.1263400,
 15470,           0.9954700,        -716.1039400,
 15471,           0.9954710,        -716.0809300,
 15472,           0.9954720,        -716.0576100,
 15473,           0.9954730,        -716.0347000,
 15474,           0.9954740,        -716.0133000,
 15475,           0.9954750,        -715.9897400,
 15476,           0.9954760,        -715.9680000,
 15477,           0.9954770,        -715.9447000,
 15478,           0.9954780,        -715.9233300,
 15479,           0.9954790,        -715.9003200,
 15480,           0.9954800,        -715.8772000,
 15481,           0.9954810,        -715.8540000,
 15482,           0.9954820,        -715.8322100,
 15483,           0.9954830,        -715.8107200,
 15484,           0.9954840,        -715.7880200,
 15485,           0.9954850,        -715.7646000,
 15486,           0.9954860,        -715.7418200,
 15487,           0.9954870,        -715.7194000,
 15488,           0.9954880,        -715.6969000,
 15489,           0.9954890,        -715.6758000,
 15490,           0.9954900,        -715.6520000,
 15491,           0.9954910,        -715.6293000,
 15492,           0.9954920,        -715.6074200,
 15493,           0.9954930,        -715.5847100,
 15494,           0.9954940,        -715.5620000,
 15495,           0.9954950,        -715.5396000,
 15496,           0.9954960,        -715.5186000,
 15497,           0.9954970,        -715.4952000,
 15498,           0.9954980,        -715.4725300,
 15499,           0.9954990,        -715.4498000,
 15500,           0.9955000,        -715.4263000,
 15501,           0.9955010,        -715.4050000,
 15502,           0.9955020,        -715.3830000,
 15503,           0.9955030,        -715.3602200,
 15504,           0.9955040,        -715.3374000,
 15505,           0.9955050,        -715.3156100,
 15506,           0.9955060,        -715.2930200,
 15507,           0.9955070,        -715.2700000,
 15508,           0.9955080,        -715.2471300,
 15509,           0.9955090,        -715.2254000,
 15510,           0.9955100,        -715.2037300,
 15511,           0.9955110,        -715.1810000,
 15512,           0.9955120,        -715.1580200,
 15513,           0.9955130,        -715.1352000,
 15514,           0.9955140,        -715.1140000,
 15515,           0.9955150,        -715.0921000,
 15516,           0.9955160,        -715.0693300,
 15517,           0.9955170,        -715.0460200,
 15518,           0.9955180,        -715.0237000,
 15519,           0.9955190,        -715.0021300,
 15520,           0.9955200,        -714.9786000,
 15521,           0.9955210,        -714.9562000,
 15522,           0.9955220,        -714.9347000,
 15523,           0.9955230,        -714.9131000,
 15524,           0.9955240,        -714.8907000,
 15525,           0.9955250,        -714.8674000,
 15526,           0.9955260,        -714.8448400,
 15527,           0.9955270,        -714.8214000,
 15528,           0.9955280,        -714.8000400,
 15529,           0.9955290,        -714.7786000,
 15530,           0.9955300,        -714.7559200,
 15531,           0.9955310,        -714.7333000,
 15532,           0.9955320,        -714.7117000,
 15533,           0.9955330,        -714.6890200,
 15534,           0.9955340,        -714.6660000,
 15535,           0.9955350,        -714.6448000,
 15536,           0.9955360,        -714.6220000,
 15537,           0.9955370,        -714.5997300,
 15538,           0.9955380,        -714.5778000,
 15539,           0.9955390,        -714.5544400,
 15540,           0.9955400,        -714.5320400,
 15541,           0.9955410,        -714.5110400,
 15542,           0.9955420,        -714.4891000,
 15543,           0.9955430,        -714.4668000,
 15544,           0.9955440,        -714.4435000,
 15545,           0.9955450,        -714.4207100,
 15546,           0.9955460,        -714.3997000,
 15547,           0.9955470,        -714.3766000,
 15548,           0.9955480,        -714.3543000,
 15549,           0.9955490,        -714.3326000,
 15550,           0.9955500,        -714.3112100,
 15551,           0.9955510,        -714.2889400,
 15552,           0.9955520,        -714.2659000,
 15553,           0.9955530,        -714.2429100,
 15554,           0.9955540,        -714.2216000,
 15555,           0.9955550,        -714.2002000,
 15556,           0.9955560,        -714.1780000,
 15557,           0.9955570,        -714.1547200,
 15558,           0.9955580,        -714.1327000,
 15559,           0.9955590,        -714.1108000,
 15560,           0.9955600,        -714.0883100,
 15561,           0.9955610,        -714.0659000,
 15562,           0.9955620,        -714.0443000,
 15563,           0.9955630,        -714.0232000,
 15564,           0.9955640,        -714.0002000,
 15565,           0.9955650,        -713.9777200,
 15566,           0.9955660,        -713.9543400,
 15567,           0.9955670,        -713.9327300,
 15568,           0.9955680,        -713.9112000,
 15569,           0.9955690,        -713.8895000,
 15570,           0.9955700,        -713.8675000,
 15571,           0.9955710,        -713.8441100,
 15572,           0.9955720,        -713.8232400,
 15573,           0.9955730,        -713.8008400,
 15574,           0.9955740,        -713.7780100,
 15575,           0.9955750,        -713.7554300,
 15576,           0.9955760,        -713.7339400,
 15577,           0.9955770,        -713.7129000,
 15578,           0.9955780,        -713.6906000,
 15579,           0.9955790,        -713.6675000,
 15580,           0.9955800,        -713.6453200,
 15581,           0.9955810,        -713.6236000,
 15582,           0.9955820,        -713.6024100,
 15583,           0.9955830,        -713.5793400,
 15584,           0.9955840,        -713.5573000,
 15585,           0.9955850,        -713.5355000,
 15586,           0.9955860,        -713.5139000,
 15587,           0.9955870,        -713.4912100,
 15588,           0.9955880,        -713.4680000,
 15589,           0.9955890,        -713.4473000,
 15590,           0.9955900,        -713.4265000,
 15591,           0.9955910,        -713.4034400,
 15592,           0.9955920,        -713.3813400,
 15593,           0.9955930,        -713.3583000,
 15594,           0.9955940,        -713.3358100,
 15595,           0.9955950,        -713.3152400,
 15596,           0.9955960,        -713.2935100,
 15597,           0.9955970,        -713.2715000,
 15598,           0.9955980,        -713.2487100,
 15599,           0.9955990,        -713.2275000,
 15600,           0.9956000,        -713.2047000,
 15601,           0.9956010,        -713.1827000,
 15602,           0.9956020,        -713.1602000,
 15603,           0.9956030,        -713.1389000,
 15604,           0.9956040,        -713.1175000,
 15605,           0.9956050,        -713.0948400,
 15606,           0.9956060,        -713.0725000,
 15607,           0.9956070,        -713.0508000,
 15608,           0.9956080,        -713.0292300,
 15609,           0.9956090,        -713.0087000,
 15610,           0.9956100,        -712.9854000,
 15611,           0.9956110,        -712.9633100,
 15612,           0.9956120,        -712.9411000,
 15613,           0.9956130,        -712.9197300,
 15614,           0.9956140,        -712.8976000,
 15615,           0.9956150,        -712.8749300,
 15616,           0.9956160,        -712.8539400,
 15617,           0.9956170,        -712.8322000,
 15618,           0.9956180,        -712.8104200,
 15619,           0.9956190,        -712.7881400,
 15620,           0.9956200,        -712.7657400,
 15621,           0.9956210,        -712.7435000,
 15622,           0.9956220,        -712.7219200,
 15623,           0.9956230,        -712.7009200,
 15624,           0.9956240,        -712.6791000,
 15625,           0.9956250,        -712.6562000,
 15626,           0.9956260,        -712.6357400,
 15627,           0.9956270,        -712.6130000,
 15628,           0.9956280,        -712.5909400,
 15629,           0.9956290,        -712.5676000,
 15630,           0.9956300,        -712.5474000,
 15631,           0.9956310,        -712.5266100,
 15632,           0.9956320,        -712.5038000,
 15633,           0.9956330,        -712.4816000,
 15634,           0.9956340,        -712.4590400,
 15635,           0.9956350,        -712.4387200,
 15636,           0.9956360,        -712.4163000,
 15637,           0.9956370,        -712.3952000,
 15638,           0.9956380,        -712.3728000,
 15639,           0.9956390,        -712.3501000,
 15640,           0.9956400,        -712.3294000,
 15641,           0.9956410,        -712.3069000,
 15642,           0.9956420,        -712.2850300,
 15643,           0.9956430,        -712.2640300,
 15644,           0.9956440,        -712.2430400,
 15645,           0.9956450,        -712.2209400,
 15646,           0.9956460,        -712.1982400,
 15647,           0.9956470,        -712.1762000,
 15648,           0.9956480,        -712.1541000,
 15649,           0.9956490,        -712.1331100,
 15650,           0.9956500,        -712.1124000,
 15651,           0.9956510,        -712.0899000,
 15652,           0.9956520,        -712.0676000,
 15653,           0.9956530,        -712.0462000,
 15654,           0.9956540,        -712.0247000,
 15655,           0.9956550,        -712.0027000,
 15656,           0.9956560,        -711.9799000,
 15657,           0.9956570,        -711.9592200,
 15658,           0.9956580,        -711.9381100,
 15659,           0.9956590,        -711.9162000,
 15660,           0.9956600,        -711.8934300,
 15661,           0.9956610,        -711.8718200,
 15662,           0.9956620,        -711.8514000,
 15663,           0.9956630,        -711.8289100,
 15664,           0.9956640,        -711.8079200,
 15665,           0.9956650,        -711.7856400,
 15666,           0.9956660,        -711.7635400,
 15667,           0.9956670,        -711.7420000,
 15668,           0.9956680,        -711.7206000,
 15669,           0.9956690,        -711.6987300,
 15670,           0.9956700,        -711.6760000,
 15671,           0.9956710,        -711.6569000,
 15672,           0.9956720,        -711.6346000,
 15673,           0.9956730,        -711.6123000,
 15674,           0.9956740,        -711.5906000,
 15675,           0.9956750,        -711.5683000,
 15676,           0.9956760,        -711.5475000,
 15677,           0.9956770,        -711.5252000,
 15678,           0.9956780,        -711.5045000,
 15679,           0.9956790,        -711.4824200,
 15680,           0.9956800,        -711.4617000,
 15681,           0.9956810,        -711.4396000,
 15682,           0.9956820,        -711.4169000,
 15683,           0.9956830,        -711.3956200,
 15684,           0.9956840,        -711.3732200,
 15685,           0.9956850,        -711.3538000,
 15686,           0.9956860,        -711.3317000,
 15687,           0.9956870,        -711.3097000,
 15688,           0.9956880,        -711.2879000,
 15689,           0.9956890,        -711.2667000,
 15690,           0.9956900,        -711.2451100,
 15691,           0.9956910,        -711.2227100,
 15692,           0.9956920,        -711.2021400,
 15693,           0.9956930,        -711.1799000,
 15694,           0.9956940,        -711.1596000,
 15695,           0.9956950,        -711.1375100,
 15696,           0.9956960,        -711.1151000,
 15697,           0.9956970,        -711.0935000,
 15698,           0.9956980,        -711.0724000,
 15699,           0.9956990,        -711.0520000,
 15700,           0.9957000,        -711.0299000,
 15701,           0.9957010,        -711.0079000,
 15702,           0.9957020,        -710.9861000,
 15703,           0.9957030,        -710.9655000,
 15704,           0.9957040,        -710.9437200,
 15705,           0.9957050,        -710.9230300,
 15706,           0.9957060,        -710.9009300,
 15707,           0.9957070,        -710.8798200,
 15708,           0.9957080,        -710.8578400,
 15709,           0.9957090,        -710.8367000,
 15710,           0.9957100,        -710.8142000,
 15711,           0.9957110,        -710.7924100,
 15712,           0.9957120,        -710.7726000,
 15713,           0.9957130,        -710.7513400,
 15714,           0.9957140,        -710.7295000,
 15715,           0.9957150,        -710.7070300,
 15716,           0.9957160,        -710.6868200,
 15717,           0.9957170,        -710.6646000,
 15718,           0.9957180,        -710.6428200,
 15719,           0.9957190,        -710.6221000,
 15720,           0.9957200,        -710.6003000,
 15721,           0.9957210,        -710.5797000,
 15722,           0.9957220,        -710.5580000,
 15723,           0.9957230,        -710.5362000,
 15724,           0.9957240,        -710.5139100,
 15725,           0.9957250,        -710.4936000,
 15726,           0.9957260,        -710.4727100,
 15727,           0.9957270,        -710.4512300,
 15728,           0.9957280,        -710.4292000,
 15729,           0.9957290,        -710.4076000,
 15730,           0.9957300,        -710.3873000,
 15731,           0.9957310,        -710.3647400,
 15732,           0.9957320,        -710.3431300,
 15733,           0.9957330,        -710.3226000,
 15734,           0.9957340,        -710.3022400,
 15735,           0.9957350,        -710.2800200,
 15736,           0.9957360,        -710.2584200,
 15737,           0.9957370,        -710.2373000,
 15738,           0.9957380,        -710.2151000,
 15739,           0.9957390,        -710.1946400,
 15740,           0.9957400,        -710.1738000,
 15741,           0.9957410,        -710.1524000,
 15742,           0.9957420,        -710.1302400,
 15743,           0.9957430,        -710.1099000,
 15744,           0.9957440,        -710.0885000,
 15745,           0.9957450,        -710.0668000,
 15746,           0.9957460,        -710.0452000,
 15747,           0.9957470,        -710.0242000,
 15748,           0.9957480,        -710.0042000,
 15749,           0.9957490,        -709.9821000,
 15750,           0.9957500,        -709.9603000,
 15751,           0.9957510,        -709.9387200,
 15752,           0.9957520,        -709.9182100,
 15753,           0.9957530,        -709.8970300,
 15754,           0.9957540,        -709.8761000,
 15755,           0.9957550,        -709.8547000,
 15756,           0.9957560,        -709.8336100,
 15757,           0.9957570,        -709.8118200,
 15758,           0.9957580,        -709.7910000,
 15759,           0.9957590,        -709.7688000,
 15760,           0.9957600,        -709.7474300,
 15761,           0.9957610,        -709.7280000,
 15762,           0.9957620,        -709.7068000,
 15763,           0.9957630,        -709.6846000,
 15764,           0.9957640,        -709.6634000,
 15765,           0.9957650,        -709.6425100,
 15766,           0.9957660,        -709.6213000,
 15767,           0.9957670,        -709.6000000,
 15768,           0.9957680,        -709.5789000,
 15769,           0.9957690,        -709.5576100,
 15770,           0.9957700,        -709.5370000,
 15771,           0.9957710,        -709.5158000,
 15772,           0.9957720,        -709.4937000,
 15773,           0.9957730,        -709.4726000,
 15774,           0.9957740,        -709.4523000,
 15775,           0.9957750,        -709.4315100,
 15776,           0.9957760,        -709.4102000,
 15777,           0.9957770,        -709.3881200,
 15778,           0.9957780,        -709.3668000,
 15779,           0.9957790,        -709.3461300,
 15780,           0.9957800,        -709.3250100,
 15781,           0.9957810,        -709.3036400,
 15782,           0.9957820,        -709.2830000,
 15783,           0.9957830,        -709.2628100,
 15784,           0.9957840,        -709.2411000,
 15785,           0.9957850,        -709.2198000,
 15786,           0.9957860,        -709.1978000,
 15787,           0.9957870,        -709.1762000,
 15788,           0.9957880,        -709.1563100,
 15789,           0.9957890,        -709.1348000,
 15790,           0.9957900,        -709.1152000,
 15791,           0.9957910,        -709.0932000,
 15792,           0.9957920,        -709.0728100,
 15793,           0.9957930,        -709.0512000,
 15794,           0.9957940,        -709.0303000,
 15795,           0.9957950,        -709.0079000,
 15796,           0.9957960,        -708.9868100,
 15797,           0.9957970,        -708.9675000,
 15798,           0.9957980,        -708.9468000,
 15799,           0.9957990,        -708.9255000,
 15800,           0.9958000,        -708.9036200,
 15801,           0.9958010,        -708.8835000,
 15802,           0.9958020,        -708.8619300,
 15803,           0.9958030,        -708.8406000,
 15804,           0.9958040,        -708.8201200,
 15805,           0.9958050,        -708.7989000,
 15806,           0.9958060,        -708.7789000,
 15807,           0.9958070,        -708.7576000,
 15808,           0.9958080,        -708.7361400,
 15809,           0.9958090,        -708.7142300,
 15810,           0.9958100,        -708.6945100,
 15811,           0.9958110,        -708.6738000,
 15812,           0.9958120,        -708.6529000,
 15813,           0.9958130,        -708.6313000,
 15814,           0.9958140,        -708.6100000,
 15815,           0.9958150,        -708.5900200,
 15816,           0.9958160,        -708.5685000,
 15817,           0.9958170,        -708.5474200,
 15818,           0.9958180,        -708.5268000,
 15819,           0.9958190,        -708.5072000,
 15820,           0.9958200,        -708.4850400,
 15821,           0.9958210,        -708.4639200,
 15822,           0.9958220,        -708.4425000,
 15823,           0.9958230,        -708.4213200,
 15824,           0.9958240,        -708.4018000,
 15825,           0.9958250,        -708.3810000,
 15826,           0.9958260,        -708.3600000,
 15827,           0.9958270,        -708.3385000,
 15828,           0.9958280,        -708.3190300,
 15829,           0.9958290,        -708.2969300,
 15830,           0.9958300,        -708.2758000,
 15831,           0.9958310,        -708.2547000,
 15832,           0.9958320,        -708.2347400,
 15833,           0.9958330,        -708.2151000,
 15834,           0.9958340,        -708.1935000,
 15835,           0.9958350,        -708.1720000,
 15836,           0.9958360,        -708.1503000,
 15837,           0.9958370,        -708.1307300,
 15838,           0.9958380,        -708.1091300,
 15839,           0.9958390,        -708.0895300,
 15840,           0.9958400,        -708.0678100,
 15841,           0.9958410,        -708.0466000,
 15842,           0.9958420,        -708.0273400,
 15843,           0.9958430,        -708.0058000,
 15844,           0.9958440,        -707.9846100,
 15845,           0.9958450,        -707.9630000,
 15846,           0.9958460,        -707.9432300,
 15847,           0.9958470,        -707.9233000,
 15848,           0.9958480,        -707.9025200,
 15849,           0.9958490,        -707.8808000,
 15850,           0.9958500,        -707.8598000,
 15851,           0.9958510,        -707.8401400,
 15852,           0.9958520,        -707.8186000,
 15853,           0.9958530,        -707.7977200,
 15854,           0.9958540,        -707.7778000,
 15855,           0.9958550,        -707.7579300,
 15856,           0.9958560,        -707.7365100,
 15857,           0.9958570,        -707.7155000,
 15858,           0.9958580,        -707.6939000,
 15859,           0.9958590,        -707.6731000,
 15860,           0.9958600,        -707.6535000,
 15861,           0.9958610,        -707.6334000,
 15862,           0.9958620,        -707.6124200,
 15863,           0.9958630,        -707.5909000,
 15864,           0.9958640,        -707.5715000,
 15865,           0.9958650,        -707.5499200,
 15866,           0.9958660,        -707.5289000,
 15867,           0.9958670,        -707.5072000,
 15868,           0.9958680,        -707.4881000,
 15869,           0.9958690,        -707.4677100,
 15870,           0.9958700,        -707.4473200,
 15871,           0.9958710,        -707.4263000,
 15872,           0.9958720,        -707.4048000,
 15873,           0.9958730,        -707.3853100,
 15874,           0.9958740,        -707.3636000,
 15875,           0.9958750,        -707.3445400,
 15876,           0.9958760,        -707.3231000,
 15877,           0.9958770,        -707.3021000,
 15878,           0.9958780,        -707.2820000,
 15879,           0.9958790,        -707.2610400,
 15880,           0.9958800,        -707.2405000,
 15881,           0.9958810,        -707.2188000,
 15882,           0.9958820,        -707.1998000,
 15883,           0.9958830,        -707.1796000,
 15884,           0.9958840,        -707.1584000,
 15885,           0.9958850,        -707.1372000,
 15886,           0.9958860,        -707.1167000,
 15887,           0.9958870,        -707.0968000,
 15888,           0.9958880,        -707.0760400,
 15889,           0.9958890,        -707.0552000,
 15890,           0.9958900,        -707.0352000,
 15891,           0.9958910,        -707.0157400,
 15892,           0.9958920,        -706.9942000,
 15893,           0.9958930,        -706.9736000,
 15894,           0.9958940,        -706.9526000,
 15895,           0.9958950,        -706.9319400,
 15896,           0.9958960,        -706.9118000,
 15897,           0.9958970,        -706.8922000,
 15898,           0.9958980,        -706.8710000,
 15899,           0.9958990,        -706.8505200,
 15900,           0.9959000,        -706.8311000,
 15901,           0.9959010,        -706.8097000,
 15902,           0.9959020,        -706.7891200,
 15903,           0.9959030,        -706.7676000,
 15904,           0.9959040,        -706.7484000,
 15905,           0.9959050,        -706.7287000,
 15906,           0.9959060,        -706.7079400,
 15907,           0.9959070,        -706.6867000,
 15908,           0.9959080,        -706.6659000,
 15909,           0.9959090,        -706.6459300,
 15910,           0.9959100,        -706.6255000,
 15911,           0.9959110,        -706.6050400,
 15912,           0.9959120,        -706.5854000,
 15913,           0.9959130,        -706.5645100,
 15914,           0.9959140,        -706.5445000,
 15915,           0.9959150,        -706.5239000,
 15916,           0.9959160,        -706.5027400,
 15917,           0.9959170,        -706.4824200,
 15918,           0.9959180,        -706.4626000,
 15919,           0.9959190,        -706.4432300,
 15920,           0.9959200,        -706.4219300,
 15921,           0.9959210,        -706.4013000,
 15922,           0.9959220,        -706.3809000,
 15923,           0.9959230,        -706.3608300,
 15924,           0.9959240,        -706.3404000,
 15925,           0.9959250,        -706.3194000,
 15926,           0.9959260,        -706.3001000,
 15927,           0.9959270,        -706.2803000,
 15928,           0.9959280,        -706.2599000,
 15929,           0.9959290,        -706.2385000,
 15930,           0.9959300,        -706.2180000,
 15931,           0.9959310,        -706.1972000,
 15932,           0.9959320,        -706.1780000,
 15933,           0.9959330,        -706.1575300,
 15934,           0.9959340,        -706.1375100,
 15935,           0.9959350,        -706.1171000,
 15936,           0.9959360,        -706.0973000,
 15937,           0.9959370,        -706.0768400,
 15938,           0.9959380,        -706.0558000,
 15939,           0.9959390,        -706.0354000,
 15940,           0.9959400,        -706.0145200,
 15941,           0.9959410,        -705.9964000,
 15942,           0.9959420,        -705.9756400,
 15943,           0.9959430,        -705.9550000,
 15944,           0.9959440,        -705.9337000,
 15945,           0.9959450,        -705.9147000,
 15946,           0.9959460,        -705.8946000,
 15947,           0.9959470,        -705.8732200,
 15948,           0.9959480,        -705.8545000,
 15949,           0.9959490,        -705.8348000,
 15950,           0.9959500,        -705.8145000,
 15951,           0.9959510,        -705.7930200,
 15952,           0.9959520,        -705.7729000,
 15953,           0.9959530,        -705.7522000,
 15954,           0.9959540,        -705.7332000,
 15955,           0.9959550,        -705.7120000,
 15956,           0.9959560,        -705.6932000,
 15957,           0.9959570,        -705.6718000,
 15958,           0.9959580,        -705.6530100,
 15959,           0.9959590,        -705.6324400,
 15960,           0.9959600,        -705.6117000,
 15961,           0.9959610,        -705.5913000,
 15962,           0.9959620,        -705.5704000,
 15963,           0.9959630,        -705.5530300,
 15964,           0.9959640,        -705.5320400,
 15965,           0.9959650,        -705.5116000,
 15966,           0.9959660,        -705.4906000,
 15967,           0.9959670,        -705.4714000,
 15968,           0.9959680,        -705.4505000,
 15969,           0.9959690,        -705.4305400,
 15970,           0.9959700,        -705.4111000,
 15971,           0.9959710,        -705.3904400,
 15972,           0.9959720,        -705.3718200,
 15973,           0.9959730,        -705.3506000,
 15974,           0.9959740,        -705.3303000,
 15975,           0.9959750,        -705.3098000,
 15976,           0.9959760,        -705.2906400,
 15977,           0.9959770,        -705.2699000,
 15978,           0.9959780,        -705.2513000,
 15979,           0.9959790,        -705.2302000,
 15980,           0.9959800,        -705.2101000,
 15981,           0.9959810,        -705.1904200,
 15982,           0.9959820,        -705.1701000,
 15983,           0.9959830,        -705.1492000,
 15984,           0.9959840,        -705.1295000,
 15985,           0.9959850,        -705.1118000,
 15986,           0.9959860,        -705.0910000,
 15987,           0.9959870,        -705.0709200,
 15988,           0.9959880,        -705.0497000,
 15989,           0.9959890,        -705.0298000,
 15990,           0.9959900,        -705.0102000,
 15991,           0.9959910,        -704.9901100,
 15992,           0.9959920,        -704.9691100,
 15993,           0.9959930,        -704.9505000,
 15994,           0.9959940,        -704.9310300,
 15995,           0.9959950,        -704.9110100,
 15996,           0.9959960,        -704.8904000,
 15997,           0.9959970,        -704.8700000,
 15998,           0.9959980,        -704.8495000,
 15999,           0.9959990,        -704.8306200,
 16000,           0.9960000,        -704.8119000,
 16001,           0.9960010,        -704.7908300,
 16002,           0.9960020,        -704.7714200,
 16003,           0.9960030,        -704.7517000,
 16004,           0.9960040,        -704.7316000,
 16005,           0.9960050,        -704.7108100,
 16006,           0.9960060,        -704.6908000,
 16007,           0.9960070,        -704.6718100,
 16008,           0.9960080,        -704.6529000,
 16009,           0.9960090,        -704.6321000,
 16010,           0.9960100,        -704.6119000,
 16011,           0.9960110,        -704.5916000,
 16012,           0.9960120,        -704.5726000,
 16013,           0.9960130,        -704.5524000,
 16014,           0.9960140,        -704.5320000,
 16015,           0.9960150,        -704.5136100,
 16016,           0.9960160,        -704.4927300,
 16017,           0.9960170,        -704.4740000,
 16018,           0.9960180,        -704.4536100,
 16019,           0.9960190,        -704.4332000,
 16020,           0.9960200,        -704.4130200,
 16021,           0.9960210,        -704.3940000,
 16022,           0.9960220,        -704.3749000,
 16023,           0.9960230,        -704.3552200,
 16024,           0.9960240,        -704.3345000,
 16025,           0.9960250,        -704.3148100,
 16026,           0.9960260,        -704.2952000,
 16027,           0.9960270,        -704.2750000,
 16028,           0.9960280,        -704.2547000,
 16029,           0.9960290,        -704.2347400,
 16030,           0.9960300,        -704.2166100,
 16031,           0.9960310,        -704.1966000,
 16032,           0.9960320,        -704.1772000,
 16033,           0.9960330,        -704.1570000,
 16034,           0.9960340,        -704.1368400,
 16035,           0.9960350,        -704.1174300,
 16036,           0.9960360,        -704.0974100,
 16037,           0.9960370,        -704.0783000,
 16038,           0.9960380,        -704.0587100,
 16039,           0.9960390,        -704.0393000,
 16040,           0.9960400,        -704.0195300,
 16041,           0.9960410,        -703.9990000,
 16042,           0.9960420,        -703.9792400,
 16043,           0.9960430,        -703.9590000,
 16044,           0.9960440,        -703.9404000,
 16045,           0.9960450,        -703.9213000,
 16046,           0.9960460,        -703.9013000,
 16047,           0.9960470,        -703.8807300,
 16048,           0.9960480,        -703.8626000,
 16049,           0.9960490,        -703.8427000,
 16050,           0.9960500,        -703.8223000,
 16051,           0.9960510,        -703.8024000,
 16052,           0.9960520,        -703.7832000,
 16053,           0.9960530,        -703.7645200,
 16054,           0.9960540,        -703.7445000,
 16055,           0.9960550,        -703.7246000,
 16056,           0.9960560,        -703.7043000,
 16057,           0.9960570,        -703.6859000,
 16058,           0.9960580,        -703.6653400,
 16059,           0.9960590,        -703.6457000,
 16060,           0.9960600,        -703.6268300,
 16061,           0.9960610,        -703.6072300,
 16062,           0.9960620,        -703.5880000,
 16063,           0.9960630,        -703.5679300,
 16064,           0.9960640,        -703.5477000,
 16065,           0.9960650,        -703.5282000,
 16066,           0.9960660,        -703.5090000,
 16067,           0.9960670,        -703.4891000,
 16068,           0.9960680,        -703.4709400,
 16069,           0.9960690,        -703.4510400,
 16070,           0.9960700,        -703.4312000,
 16071,           0.9960710,        -703.4122300,
 16072,           0.9960720,        -703.3925000,
 16073,           0.9960730,        -703.3722000,
 16074,           0.9960740,        -703.3524000,
 16075,           0.9960750,        -703.3349000,
 16076,           0.9960760,        -703.3150000,
 16077,           0.9960770,        -703.2946000,
 16078,           0.9960780,        -703.2753200,
 16079,           0.9960790,        -703.2551000,
 16080,           0.9960800,        -703.2368100,
 16081,           0.9960810,        -703.2162400,
 16082,           0.9960820,        -703.1973000,
 16083,           0.9960830,        -703.1782200,
 16084,           0.9960840,        -703.1599100,
 16085,           0.9960850,        -703.1396000,
 16086,           0.9960860,        -703.1201000,
 16087,           0.9960870,        -703.0995400,
 16088,           0.9960880,        -703.0803000,
 16089,           0.9960890,        -703.0618200,
 16090,           0.9960900,        -703.0432000,
 16091,           0.9960910,        -703.0237000,
 16092,           0.9960920,        -703.0035000,
 16093,           0.9960930,        -702.9852200,
 16094,           0.9960940,        -702.9648400,
 16095,           0.9960950,        -702.9454300,
 16096,           0.9960960,        -702.9253000,
 16097,           0.9960970,        -702.9061200,
 16098,           0.9960980,        -702.8879300,
 16099,           0.9960990,        -702.8691400,
 16100,           0.9961000,        -702.8489300,
 16101,           0.9961010,        -702.8297100,
 16102,           0.9961020,        -702.8105400,
 16103,           0.9961030,        -702.7909000,
 16104,           0.9961040,        -702.7709000,
 16105,           0.9961050,        -702.7515200,
 16106,           0.9961060,        -702.7325400,
 16107,           0.9961070,        -702.7145000,
 16108,           0.9961080,        -702.6946000,
 16109,           0.9961090,        -702.6754100,
 16110,           0.9961100,        -702.6547000,
 16111,           0.9961110,        -702.6367100,
 16112,           0.9961120,        -702.6168200,
 16113,           0.9961130,        -702.5988000,
 16114,           0.9961140,        -702.5790400,
 16115,           0.9961150,        -702.5593200,
 16116,           0.9961160,        -702.5412000,
 16117,           0.9961170,        -702.5209000,
 16118,           0.9961180,        -702.5021000,
 16119,           0.9961190,        -702.4819000,
 16120,           0.9961200,        -702.4636200,
 16121,           0.9961210,        -702.4453000,
 16122,           0.9961220,        -702.4260200,
 16123,           0.9961230,        -702.4057000,
 16124,           0.9961240,        -702.3867000,
 16125,           0.9961250,        -702.3679100,
 16126,           0.9961260,        -702.3484000,
 16127,           0.9961270,        -702.3284000,
 16128,           0.9961280,        -702.3089000,
 16129,           0.9961290,        -702.2917000,
 16130,           0.9961300,        -702.2724000,
 16131,           0.9961310,        -702.2525000,
 16132,           0.9961320,        -702.2336400,
 16133,           0.9961330,        -702.2134300,
 16134,           0.9961340,        -702.1953100,
 16135,           0.9961350,        -702.1757000,
 16136,           0.9961360,        -702.1575300,
 16137,           0.9961370,        -702.1374000,
 16138,           0.9961380,        -702.1194400,
 16139,           0.9961390,        -702.0998000,
 16140,           0.9961400,        -702.0804000,
 16141,           0.9961410,        -702.0610000,
 16142,           0.9961420,        -702.0417000,
 16143,           0.9961430,        -702.0241000,
 16144,           0.9961440,        -702.0051200,
 16145,           0.9961450,        -701.9861000,
 16146,           0.9961460,        -701.9663000,
 16147,           0.9961470,        -701.9483000,
 16148,           0.9961480,        -701.9285000,
 16149,           0.9961490,        -701.9094200,
 16150,           0.9961500,        -701.8893400,
 16151,           0.9961510,        -701.8715200,
 16152,           0.9961520,        -701.8533000,
 16153,           0.9961530,        -701.8337400,
 16154,           0.9961540,        -701.8141400,
 16155,           0.9961550,        -701.7949200,
 16156,           0.9961560,        -701.7763000,
 16157,           0.9961570,        -701.7576000,
 16158,           0.9961580,        -701.7379000,
 16159,           0.9961590,        -701.7186000,
 16160,           0.9961600,        -701.7015000,
 16161,           0.9961610,        -701.6820000,
 16162,           0.9961620,        -701.6623000,
 16163,           0.9961630,        -701.6434300,
 16164,           0.9961640,        -701.6238000,
 16165,           0.9961650,        -701.6060000,
 16166,           0.9961660,        -701.5862400,
 16167,           0.9961670,        -701.5687200,
 16168,           0.9961680,        -701.5487000,
 16169,           0.9961690,        -701.5310000,
 16170,           0.9961700,        -701.5116000,
 16171,           0.9961710,        -701.4924000,
 16172,           0.9961720,        -701.4724100,
 16173,           0.9961730,        -701.4537300,
 16174,           0.9961740,        -701.4351100,
 16175,           0.9961750,        -701.4174000,
 16176,           0.9961760,        -701.3978200,
 16177,           0.9961770,        -701.3790000,
 16178,           0.9961780,        -701.3605300,
 16179,           0.9961790,        -701.3417300,
 16180,           0.9961800,        -701.3224000,
 16181,           0.9961810,        -701.3035000,
 16182,           0.9961820,        -701.2836000,
 16183,           0.9961830,        -701.2673000,
 16184,           0.9961840,        -701.2477400,
 16185,           0.9961850,        -701.2288200,
 16186,           0.9961860,        -701.2100000,
 16187,           0.9961870,        -701.1917000,
 16188,           0.9961880,        -701.1724200,
 16189,           0.9961890,        -701.1529000,
 16190,           0.9961900,        -701.1340300,
 16191,           0.9961910,        -701.1158400,
 16192,           0.9961920,        -701.0986000,
 16193,           0.9961930,        -701.0788000,
 16194,           0.9961940,        -701.0601000,
 16195,           0.9961950,        -701.0404000,
 16196,           0.9961960,        -701.0226000,
 16197,           0.9961970,        -701.0031000,
 16198,           0.9961980,        -700.9843000,
 16199,           0.9961990,        -700.9662000,
 16200,           0.9962000,        -700.9477000,
 16201,           0.9962010,        -700.9288300,
 16202,           0.9962020,        -700.9102000,
 16203,           0.9962030,        -700.8909300,
 16204,           0.9962040,        -700.8720000,
 16205,           0.9962050,        -700.8538000,
 16206,           0.9962060,        -700.8353200,
 16207,           0.9962070,        -700.8171000,
 16208,           0.9962080,        -700.7984000,
 16209,           0.9962090,        -700.7787000,
 16210,           0.9962100,        -700.7613000,
 16211,           0.9962110,        -700.7419000,
 16212,           0.9962120,        -700.7232000,
 16213,           0.9962130,        -700.7037000,
 16214,           0.9962140,        -700.6875000,
 16215,           0.9962150,        -700.6680200,
 16216,           0.9962160,        -700.6494000,
 16217,           0.9962170,        -700.6300000,
 16218,           0.9962180,        -700.6113200,
 16219,           0.9962190,        -700.5933000,
 16220,           0.9962200,        -700.5743000,
 16221,           0.9962210,        -700.5552000,
 16222,           0.9962220,        -700.5378400,
 16223,           0.9962230,        -700.5200000,
 16224,           0.9962240,        -700.5010000,
 16225,           0.9962250,        -700.4817000,
 16226,           0.9962260,        -700.4633000,
 16227,           0.9962270,        -700.4437000,
 16228,           0.9962280,        -700.4263300,
 16229,           0.9962290,        -700.4070000,
 16230,           0.9962300,        -700.3900100,
 16231,           0.9962310,        -700.3706000,
 16232,           0.9962320,        -700.3532100,
 16233,           0.9962330,        -700.3338000,
 16234,           0.9962340,        -700.3155000,
 16235,           0.9962350,        -700.2960200,
 16236,           0.9962360,        -700.2775000,
 16237,           0.9962370,        -700.2592000,
 16238,           0.9962380,        -700.2420000,
 16239,           0.9962390,        -700.2228000,
 16240,           0.9962400,        -700.2043000,
 16241,           0.9962410,        -700.1858000,
 16242,           0.9962420,        -700.1674100,
 16243,           0.9962430,        -700.1488000,
 16244,           0.9962440,        -700.1299400,
 16245,           0.9962450,        -700.1110000,
 16246,           0.9962460,        -700.0946000,
 16247,           0.9962470,        -700.0755000,
 16248,           0.9962480,        -700.0570000,
 16249,           0.9962490,        -700.0377100,
 16250,           0.9962500,        -700.0204000,
 16251,           0.9962510,        -700.0015200,
 16252,           0.9962520,        -699.9830000,
 16253,           0.9962530,        -699.9636200,
 16254,           0.9962540,        -699.9467000,
 16255,           0.9962550,        -699.9286000,
 16256,           0.9962560,        -699.9103000,
 16257,           0.9962570,        -699.8913000,
 16258,           0.9962580,        -699.8726100,
 16259,           0.9962590,        -699.8549100,
 16260,           0.9962600,        -699.8365400,
 16261,           0.9962610,        -699.8176200,
 16262,           0.9962620,        -699.8004100,
 16263,           0.9962630,        -699.7814300,
 16264,           0.9962640,        -699.7643400,
 16265,           0.9962650,        -699.7451000,
 16266,           0.9962660,        -699.7266000,
 16267,           0.9962670,        -699.7078200,
 16268,           0.9962680,        -699.6906100,
 16269,           0.9962690,        -699.6714400,
 16270,           0.9962700,        -699.6548000,
 16271,           0.9962710,        -699.6355000,
 16272,           0.9962720,        -699.6171200,
 16273,           0.9962730,        -699.5995000,
 16274,           0.9962740,        -699.5811100,
 16275,           0.9962750,        -699.5621300,
 16276,           0.9962760,        -699.5438000,
 16277,           0.9962770,        -699.5262400,
 16278,           0.9962780,        -699.5092000,
 16279,           0.9962790,        -699.4903000,
 16280,           0.9962800,        -699.4720400,
 16281,           0.9962810,        -699.4531000,
 16282,           0.9962820,        -699.4357000,
 16283,           0.9962830,        -699.4168000,
 16284,           0.9962840,        -699.3985000,
 16285,           0.9962850,        -699.3792100,
 16286,           0.9962860,        -699.3638300,
 16287,           0.9962870,        -699.3448000,
 16288,           0.9962880,        -699.3267200,
 16289,           0.9962890,        -699.3078000,
 16290,           0.9962900,        -699.2899000,
 16291,           0.9962910,        -699.2718000,
 16292,           0.9962920,        -699.2539000,
 16293,           0.9962930,        -699.2352200,
 16294,           0.9962940,        -699.2179000,
 16295,           0.9962950,        -699.2005000,
 16296,           0.9962960,        -699.1824300,
 16297,           0.9962970,        -699.1637000,
 16298,           0.9962980,        -699.1455000,
 16299,           0.9962990,        -699.1268000,
 16300,           0.9963000,        -699.1097400,
 16301,           0.9963010,        -699.0908200,
 16302,           0.9963020,        -699.0739100,
 16303,           0.9963030,        -699.0552300,
 16304,           0.9963040,        -699.0379000,
 16305,           0.9963050,        -699.0193400,
 16306,           0.9963060,        -699.0013000,
 16307,           0.9963070,        -698.9825400,
 16308,           0.9963080,        -698.9645300,
 16309,           0.9963090,        -698.9471400,
 16310,           0.9963100,        -698.9301100,
 16311,           0.9963110,        -698.9113100,
 16312,           0.9963120,        -698.8934300,
 16313,           0.9963130,        -698.8758000,
 16314,           0.9963140,        -698.8579100,
 16315,           0.9963150,        -698.8391100,
 16316,           0.9963160,        -698.8212000,
 16317,           0.9963170,        -698.8024200,
 16318,           0.9963180,        -698.7870400,
 16319,           0.9963190,        -698.7683100,
 16320,           0.9963200,        -698.7503000,
 16321,           0.9963210,        -698.7316200,
 16322,           0.9963220,        -698.7139200,
 16323,           0.9963230,        -698.6957300,
 16324,           0.9963240,        -698.6772400,
 16325,           0.9963250,        -698.6591100,
 16326,           0.9963260,        -698.6420200,
 16327,           0.9963270,        -698.6252400,
 16328,           0.9963280,        -698.6068000,
 16329,           0.9963290,        -698.5887400,
 16330,           0.9963300,        -698.5703100,
 16331,           0.9963310,        -698.5535200,
 16332,           0.9963320,        -698.5349000,
 16333,           0.9963330,        -698.5170000,
 16334,           0.9963340,        -698.4999000,
 16335,           0.9963350,        -698.4817000,
 16336,           0.9963360,        -698.4644100,
 16337,           0.9963370,        -698.4465300,
 16338,           0.9963380,        -698.4280000,
 16339,           0.9963390,        -698.4103300,
 16340,           0.9963400,        -698.3925100,
 16341,           0.9963410,        -698.3751000,
 16342,           0.9963420,        -698.3576000,
 16343,           0.9963430,        -698.3399000,
 16344,           0.9963440,        -698.3223200,
 16345,           0.9963450,        -698.3047400,
 16346,           0.9963460,        -698.2861300,
 16347,           0.9963470,        -698.2682000,
 16348,           0.9963480,        -698.2498100,
 16349,           0.9963490,        -698.2333000,
 16350,           0.9963500,        -698.2151000,
 16351,           0.9963510,        -698.1985400,
 16352,           0.9963520,        -698.1799300,
 16353,           0.9963530,        -698.1631400,
 16354,           0.9963540,        -698.1446000,
 16355,           0.9963550,        -698.1270100,
 16356,           0.9963560,        -698.1085000,
 16357,           0.9963570,        -698.0909400,
 16358,           0.9963580,        -698.0737300,
 16359,           0.9963590,        -698.0574000,
 16360,           0.9963600,        -698.0389400,
 16361,           0.9963610,        -698.0215400,
 16362,           0.9963620,        -698.0041000,
 16363,           0.9963630,        -697.9863200,
 16364,           0.9963640,        -697.9683000,
 16365,           0.9963650,        -697.9507000,
 16366,           0.9963660,        -697.9322000,
 16367,           0.9963670,        -697.9160000,
 16368,           0.9963680,        -697.8984000,
 16369,           0.9963690,        -697.8798200,
 16370,           0.9963700,        -697.8623000,
 16371,           0.9963710,        -697.8452100,
 16372,           0.9963720,        -697.8275100,
 16373,           0.9963730,        -697.8093200,
 16374,           0.9963740,        -697.7920000,
 16375,           0.9963750,        -697.7752000,
 16376,           0.9963760,        -697.7587200,
 16377,           0.9963770,        -697.7403000,
 16378,           0.9963780,        -697.7224100,
 16379,           0.9963790,        -697.7040400,
 16380,           0.9963800,        -697.6881100,
 16381,           0.9963810,        -697.6695000,
 16382,           0.9963820,        -697.6520300,
 16383,           0.9963830,        -697.6351300,
 16384,           0.9963840,        -697.6176000,
 16385,           0.9963850,        -697.6003400,
 16386,           0.9963860,        -697.5831000,
 16387,           0.9963870,        -697.5649000,
 16388,           0.9963880,        -697.5475000,
 16389,           0.9963890,        -697.5300200,
 16390,           0.9963900,        -697.5128100,
 16391,           0.9963910,        -697.4946000,
 16392,           0.9963920,        -697.4784000,
 16393,           0.9963930,        -697.4601400,
 16394,           0.9963940,        -697.4434000,
 16395,           0.9963950,        -697.4258400,
 16396,           0.9963960,        -697.4078000,
 16397,           0.9963970,        -697.3906000,
 16398,           0.9963980,        -697.3733000,
 16399,           0.9963990,        -697.3561000,
 16400,           0.9964000,        -697.3390000,
 16401,           0.9964010,        -697.3215300,
 16402,           0.9964020,        -697.3036000,
 16403,           0.9964030,        -697.2874100,
 16404,           0.9964040,        -697.2692000,
 16405,           0.9964050,        -697.2520100,
 16406,           0.9964060,        -697.2338200,
 16407,           0.9964070,        -697.2178000,
 16408,           0.9964080,        -697.2012000,
 16409,           0.9964090,        -697.1838000,
 16410,           0.9964100,        -697.1655000,
 16411,           0.9964110,        -697.1481000,
 16412,           0.9964120,        -697.1313400,
 16413,           0.9964130,        -697.1140000,
 16414,           0.9964140,        -697.0958200,
 16415,           0.9964150,        -697.0787000,
 16416,           0.9964160,        -697.0616400,
 16417,           0.9964170,        -697.0460000,
 16418,           0.9964180,        -697.0283200,
 16419,           0.9964190,        -697.0104000,
 16420,           0.9964200,        -696.9927300,
 16421,           0.9964210,        -696.9757000,
 16422,           0.9964220,        -696.9584300,
 16423,           0.9964230,        -696.9406000,
 16424,           0.9964240,        -696.9235000,
 16425,           0.9964250,        -696.9079000,
 16426,           0.9964260,        -696.8907400,
 16427,           0.9964270,        -696.8729200,
 16428,           0.9964280,        -696.8560100,
 16429,           0.9964290,        -696.8378200,
 16430,           0.9964300,        -696.8217000,
 16431,           0.9964310,        -696.8039000,
 16432,           0.9964320,        -696.7868000,
 16433,           0.9964330,        -696.7700100,
 16434,           0.9964340,        -696.7542000,
 16435,           0.9964350,        -696.7361000,
 16436,           0.9964360,        -696.7192300,
 16437,           0.9964370,        -696.7010400,
 16438,           0.9964380,        -696.6840000,
 16439,           0.9964390,        -696.6674000,
 16440,           0.9964400,        -696.6500000,
 16441,           0.9964410,        -696.6323000,
 16442,           0.9964420,        -696.6163000,
 16443,           0.9964430,        -696.6000000,
 16444,           0.9964440,        -696.5822100,
 16445,           0.9964450,        -696.5656000,
 16446,           0.9964460,        -696.5474200,
 16447,           0.9964470,        -696.5301000,
 16448,           0.9964480,        -696.5137000,
 16449,           0.9964490,        -696.4968000,
 16450,           0.9964500,        -696.4804000,
 16451,           0.9964510,        -696.4633100,
 16452,           0.9964520,        -696.4468000,
 16453,           0.9964530,        -696.4295000,
 16454,           0.9964540,        -696.4117000,
 16455,           0.9964550,        -696.3950100,
 16456,           0.9964560,        -696.3774000,
 16457,           0.9964570,        -696.3612000,
 16458,           0.9964580,        -696.3448000,
 16459,           0.9964590,        -696.3281000,
 16460,           0.9964600,        -696.3104000,
 16461,           0.9964610,        -696.2936000,
 16462,           0.9964620,        -696.2766100,
 16463,           0.9964630,        -696.2593300,
 16464,           0.9964640,        -696.2427000,
 16465,           0.9964650,        -696.2246000,
 16466,           0.9964660,        -696.2088000,
 16467,           0.9964670,        -696.1929000,
 16468,           0.9964680,        -696.1758000,
 16469,           0.9964690,        -696.1580000,
 16470,           0.9964700,        -696.1423000,
 16471,           0.9964710,        -696.1246300,
 16472,           0.9964720,        -696.1078000,
 16473,           0.9964730,        -696.0904000,
 16474,           0.9964740,        -696.0735400,
 16475,           0.9964750,        -696.0587000,
 16476,           0.9964760,        -696.0414000,
 16477,           0.9964770,        -696.0240000,
 16478,           0.9964780,        -696.0062200,
 16479,           0.9964790,        -695.9908400,
 16480,           0.9964800,        -695.9735100,
 16481,           0.9964810,        -695.9567200,
 16482,           0.9964820,        -695.9391400,
 16483,           0.9964830,        -695.9226000,
 16484,           0.9964840,        -695.9070000,
 16485,           0.9964850,        -688.0349000,
 16486,           0.9964860,        -688.0174000,
 16487,           0.9964870,        -688.0004200,
 16488,           0.9964880,        -687.9840000,
 16489,           0.9964890,        -687.9674000,
 16490,           0.9964900,        -687.9493400,
 16491,           0.9964910,        -687.9323100,
 16492,           0.9964920,        -687.9161300,
 16493,           0.9964930,        -687.9006000,
 16494,           0.9964940,        -687.8833000,
 16495,           0.9964950,        -687.8656000,
 16496,           0.9964960,        -687.8486000,
 16497,           0.9964970,        -687.8322000,
 16498,           0.9964980,        -687.8153000,
 16499,           0.9964990,        -687.7979000,
 16500,           0.9965000,        -687.7813100,
 16501,           0.9965010,        -687.7651300,
 16502,           0.9965020,        -687.7496000,
 16503,           0.9965030,        -687.7317000,
 16504,           0.9965040,        -687.7147000,
 16505,           0.9965050,        -687.6972000,
 16506,           0.9965060,        -687.6818000,
 16507,           0.9965070,        -687.6647000,
 16508,           0.9965080,        -687.6478000,
 16509,           0.9965090,        -687.6314000,
 16510,           0.9965100,        -687.6140000,
 16511,           0.9965110,        -687.5982000,
 16512,           0.9965120,        -687.5812000,
 16513,           0.9965130,        -687.5645000,
 16514,           0.9965140,        -687.5472400,
 16515,           0.9965150,        -687.5314300,
 16516,           0.9965160,        -687.5139000,
 16517,           0.9965170,        -687.4971000,
 16518,           0.9965180,        -687.4812000,
 16519,           0.9965190,        -687.4646000,
 16520,           0.9965200,        -687.4485400,
 16521,           0.9965210,        -687.4315100,
 16522,           0.9965220,        -687.4144200,
 16523,           0.9965230,        -687.3978000,
 16524,           0.9965240,        -687.3813400,
 16525,           0.9965250,        -687.3642000,
 16526,           0.9965260,        -687.3491000,
 16527,           0.9965270,        -687.3316000,
 16528,           0.9965280,        -687.3150000,
 16529,           0.9965290,        -687.2986400,
 16530,           0.9965300,        -687.2822200,
 16531,           0.9965310,        -687.2651000,
 16532,           0.9965320,        -687.2488000,
 16533,           0.9965330,        -687.2324200,
 16534,           0.9965340,        -687.2158200,
 16535,           0.9965350,        -687.1996400,
 16536,           0.9965360,        -687.1832000,
 16537,           0.9965370,        -687.1661000,
 16538,           0.9965380,        -687.1500000,
 16539,           0.9965390,        -687.1338000,
 16540,           0.9965400,        -687.1165000,
 16541,           0.9965410,        -687.0998000,
 16542,           0.9965420,        -687.0836000,
 16543,           0.9965430,        -687.0671300,
 16544,           0.9965440,        -687.0517000,
 16545,           0.9965450,        -687.0351000,
 16546,           0.9965460,        -687.0186000,
 16547,           0.9965470,        -687.0023000,
 16548,           0.9965480,        -686.9853000,
 16549,           0.9965490,        -686.9689300,
 16550,           0.9965500,        -686.9520000,
 16551,           0.9965510,        -686.9360300,
 16552,           0.9965520,        -686.9207000,
 16553,           0.9965530,        -686.9034400,
 16554,           0.9965540,        -686.8871400,
 16555,           0.9965550,        -686.8713000,
 16556,           0.9965560,        -686.8549100,
 16557,           0.9965570,        -686.8379000,
 16558,           0.9965580,        -686.8218300,
 16559,           0.9965590,        -686.8042000,
 16560,           0.9965600,        -686.7890000,
 16561,           0.9965610,        -686.7736200,
 16562,           0.9965620,        -686.7573200,
 16563,           0.9965630,        -686.7407000,
 16564,           0.9965640,        -686.7244200,
 16565,           0.9965650,        -686.7077000,
 16566,           0.9965660,        -686.6910000,
 16567,           0.9965670,        -686.6750000,
 16568,           0.9965680,        -686.6582000,
 16569,           0.9965690,        -686.6442000,
 16570,           0.9965700,        -686.6273000,
 16571,           0.9965710,        -686.6107000,
 16572,           0.9965720,        -686.5939300,
 16573,           0.9965730,        -686.5788000,
 16574,           0.9965740,        -686.5616400,
 16575,           0.9965750,        -686.5449200,
 16576,           0.9965760,        -686.5287400,
 16577,           0.9965770,        -686.5118400,
 16578,           0.9965780,        -686.4978000,
 16579,           0.9965790,        -686.4810100,
 16580,           0.9965800,        -686.4650200,
 16581,           0.9965810,        -686.4481000,
 16582,           0.9965820,        -686.4330400,
 16583,           0.9965830,        -686.4163200,
 16584,           0.9965840,        -686.3998400,
 16585,           0.9965850,        -686.3833000,
 16586,           0.9965860,        -686.3674300,
 16587,           0.9965870,        -686.3530000,
 16588,           0.9965880,        -686.3360000,
 16589,           0.9965890,        -686.3201000,
 16590,           0.9965900,        -686.3029000,
 16591,           0.9965910,        -686.2881400,
 16592,           0.9965920,        -686.2713000,
 16593,           0.9965930,        -686.2553100,
 16594,           0.9965940,        -686.2385000,
 16595,           0.9965950,        -686.2223000,
 16596,           0.9965960,        -686.2081000,
 16597,           0.9965970,        -686.1913400,
 16598,           0.9965980,        -686.1755000,
 16599,           0.9965990,        -686.1589000,
 16600,           0.9966000,        -686.1436000,
 16601,           0.9966010,        -686.1269000,
 16602,           0.9966020,        -686.1111000,
 16603,           0.9966030,        -686.0946000,
 16604,           0.9966040,        -686.0800000,
 16605,           0.9966050,        -686.0641400,
 16606,           0.9966060,        -686.0481000,
 16607,           0.9966070,        -686.0319000,
 16608,           0.9966080,        -686.0149000,
 16609,           0.9966090,        -685.9997000,
 16610,           0.9966100,        -685.9835000,
 16611,           0.9966110,        -685.9677100,
 16612,           0.9966120,        -685.9512000,
 16613,           0.9966130,        -685.9368200,
 16614,           0.9966140,        -685.9208300,
 16615,           0.9966150,        -685.9050200,
 16616,           0.9966160,        -685.8884000,
 16617,           0.9966170,        -685.8725000,
 16618,           0.9966180,        -685.8574200,
 16619,           0.9966190,        -685.8405000,
 16620,           0.9966200,        -685.8246000,
 16621,           0.9966210,        -685.8084100,
 16622,           0.9966220,        -685.7939000,
 16623,           0.9966230,        -685.7787400,
 16624,           0.9966240,        -685.7625000,
 16625,           0.9966250,        -685.7460300,
 16626,           0.9966260,        -685.7303000,
 16627,           0.9966270,        -685.7147000,
 16628,           0.9966280,        -685.6988000,
 16629,           0.9966290,        -685.6824300,
 16630,           0.9966300,        -685.6663000,
 16631,           0.9966310,        -685.6521000,
 16632,           0.9966320,        -685.6367100,
 16633,           0.9966330,        -685.6204200,
 16634,           0.9966340,        -685.6041000,
 16635,           0.9966350,        -685.5883000,
 16636,           0.9966360,        -685.5733000,
 16637,           0.9966370,        -685.5576100,
 16638,           0.9966380,        -685.5413200,
 16639,           0.9966390,        -685.5251000,
 16640,           0.9966400,        -685.5107000,
 16641,           0.9966410,        -685.4952000,
 16642,           0.9966420,        -685.4792400,
 16643,           0.9966430,        -685.4628000,
 16644,           0.9966440,        -685.4473000,
 16645,           0.9966450,        -685.4326000,
 16646,           0.9966460,        -685.4164400,
 16647,           0.9966470,        -685.4003000,
 16648,           0.9966480,        -685.3844000,
 16649,           0.9966490,        -685.3701000,
 16650,           0.9966500,        -685.3547300,
 16651,           0.9966510,        -685.3391100,
 16652,           0.9966520,        -685.3226300,
 16653,           0.9966530,        -685.3073000,
 16654,           0.9966540,        -685.2918000,
 16655,           0.9966550,        -685.2762400,
 16656,           0.9966560,        -685.2601300,
 16657,           0.9966570,        -685.2460000,
 16658,           0.9966580,        -685.2299000,
 16659,           0.9966590,        -685.2148000,
 16660,           0.9966600,        -685.1989000,
 16661,           0.9966610,        -685.1832200,
 16662,           0.9966620,        -685.1677200,
 16663,           0.9966630,        -685.1529000,
 16664,           0.9966640,        -685.1370200,
 16665,           0.9966650,        -685.1208400,
 16666,           0.9966660,        -685.1068100,
 16667,           0.9966670,        -685.0909400,
 16668,           0.9966680,        -685.0755000,
 16669,           0.9966690,        -685.0602400,
 16670,           0.9966700,        -685.0443000,
 16671,           0.9966710,        -685.0286200,
 16672,           0.9966720,        -685.0132400,
 16673,           0.9966730,        -684.9981000,
 16674,           0.9966740,        -684.9821100,
 16675,           0.9966750,        -684.9682000,
 16676,           0.9966760,        -684.9521400,
 16677,           0.9966770,        -684.9366400,
 16678,           0.9966780,        -684.9216300,
 16679,           0.9966790,        -684.9058000,
 16680,           0.9966800,        -684.8906000,
 16681,           0.9966810,        -684.8751000,
 16682,           0.9966820,        -684.8601000,
 16683,           0.9966830,        -684.8442000,
 16684,           0.9966840,        -684.8304400,
 16685,           0.9966850,        -684.8139000,
 16686,           0.9966860,        -684.7993000,
 16687,           0.9966870,        -684.7839300,
 16688,           0.9966880,        -684.7684300,
 16689,           0.9966890,        -684.7528000,
 16690,           0.9966900,        -684.7377300,
 16691,           0.9966910,        -684.7227100,
 16692,           0.9966920,        -684.7068400,
 16693,           0.9966930,        -684.6930000,
 16694,           0.9966940,        -684.6772400,
 16695,           0.9966950,        -684.6622300,
 16696,           0.9966960,        -684.6471000,
 16697,           0.9966970,        -684.6308000,
 16698,           0.9966980,        -684.6160000,
 16699,           0.9966990,        -684.6013000,
 16700,           0.9967000,        -684.5864200,
 16701,           0.9967010,        -684.5703100,
 16702,           0.9967020,        -684.5557200,
 16703,           0.9967030,        -684.5405200,
 16704,           0.9967040,        -684.5255000,
 16705,           0.9967050,        -684.5106000,
 16706,           0.9967060,        -684.4949300,
 16707,           0.9967070,        -684.4800000,
 16708,           0.9967080,        -684.4653000,
 16709,           0.9967090,        -684.4498000,
 16710,           0.9967100,        -684.4344000,
 16711,           0.9967110,        -684.4199000,
 16712,           0.9967120,        -684.4048000,
 16713,           0.9967130,        -684.3900100,
 16714,           0.9967140,        -684.3751200,
 16715,           0.9967150,        -684.3596000,
 16716,           0.9967160,        -684.3442300,
 16717,           0.9967170,        -684.3297000,
 16718,           0.9967180,        -684.3149000,
 16719,           0.9967190,        -684.2993100,
 16720,           0.9967200,        -684.2848000,
 16721,           0.9967210,        -684.2697000,
 16722,           0.9967220,        -684.2552400,
 16723,           0.9967230,        -684.2404000,
 16724,           0.9967240,        -684.2246000,
 16725,           0.9967250,        -684.2095300,
 16726,           0.9967260,        -684.1952000,
 16727,           0.9967270,        -684.1793200,
 16728,           0.9967280,        -684.1642400,
 16729,           0.9967290,        -684.1491000,
 16730,           0.9967300,        -684.1353000,
 16731,           0.9967310,        -684.1207000,
 16732,           0.9967320,        -684.1061400,
 16733,           0.9967330,        -684.0908000,
 16734,           0.9967340,        -684.0755000,
 16735,           0.9967350,        -684.0606000,
 16736,           0.9967360,        -684.0455000,
 16737,           0.9967370,        -684.0307000,
 16738,           0.9967380,        -684.0154400,
 16739,           0.9967390,        -684.0028000,
 16740,           0.9967400,        -683.9871000,
 16741,           0.9967410,        -683.9728000,
 16742,           0.9967420,        -683.9570300,
 16743,           0.9967430,        -683.9417100,
 16744,           0.9967440,        -683.9282000,
 16745,           0.9967450,        -683.9125300,
 16746,           0.9967460,        -683.8977000,
 16747,           0.9967470,        -683.8821000,
 16748,           0.9967480,        -683.8701100,
 16749,           0.9967490,        -683.8544000,
 16750,           0.9967500,        -683.8392300,
 16751,           0.9967510,        -683.8244000,
 16752,           0.9967520,        -683.8089000,
 16753,           0.9967530,        -683.7953400,
 16754,           0.9967540,        -683.7797000,
 16755,           0.9967550,        -683.7656000,
 16756,           0.9967560,        -683.7501200,
 16757,           0.9967570,        -683.7368000,
 16758,           0.9967580,        -683.7227000,
 16759,           0.9967590,        -683.7072000,
 16760,           0.9967600,        -683.6924400,
 16761,           0.9967610,        -683.6772400,
 16762,           0.9967620,        -683.6638100,
 16763,           0.9967630,        -683.6481300,
 16764,           0.9967640,        -683.6338000,
 16765,           0.9967650,        -683.6185000,
 16766,           0.9967660,        -683.6056000,
 16767,           0.9967670,        -683.5911000,
 16768,           0.9967680,        -683.5759200,
 16769,           0.9967690,        -683.5616400,
 16770,           0.9967700,        -683.5460200,
 16771,           0.9967710,        -683.5325300,
 16772,           0.9967720,        -683.5173300,
 16773,           0.9967730,        -683.5023100,
 16774,           0.9967740,        -683.4875400,
 16775,           0.9967750,        -683.4749000,
 16776,           0.9967760,        -683.4606300,
 16777,           0.9967770,        -683.4453000,
 16778,           0.9967780,        -683.4308000,
 16779,           0.9967790,        -683.4160000,
 16780,           0.9967800,        -683.4014200,
 16781,           0.9967810,        -683.3873000,
 16782,           0.9967820,        -683.3722000,
 16783,           0.9967830,        -683.3581000,
 16784,           0.9967840,        -683.3434000,
 16785,           0.9967850,        -683.3303000,
 16786,           0.9967860,        -683.3158000,
 16787,           0.9967870,        -683.3003000,
 16788,           0.9967880,        -683.2861300,
 16789,           0.9967890,        -683.2725200,
 16790,           0.9967900,        -683.2581000,
 16791,           0.9967910,        -683.2427000,
 16792,           0.9967920,        -683.2283300,
 16793,           0.9967930,        -683.2148000,
 16794,           0.9967940,        -683.2008000,
 16795,           0.9967950,        -683.1865000,
 16796,           0.9967960,        -683.1718100,
 16797,           0.9967970,        -683.1572000,
 16798,           0.9967980,        -683.1432000,
 16799,           0.9967990,        -683.1290200,
 16800,           0.9968000,        -683.1144400,
 16801,           0.9968010,        -683.0991200,
 16802,           0.9968020,        -683.0860000,
 16803,           0.9968030,        -683.0727000,
 16804,           0.9968040,        -683.0585000,
 16805,           0.9968050,        -683.0432100,
 16806,           0.9968060,        -683.0292300,
 16807,           0.9968070,        -683.0152000,
 16808,           0.9968080,        -683.0005000,
 16809,           0.9968090,        -682.9863000,
 16810,           0.9968100,        -682.9714300,
 16811,           0.9968110,        -682.9583100,
 16812,           0.9968120,        -682.9435400,
 16813,           0.9968130,        -682.9303000,
 16814,           0.9968140,        -682.9160000,
 16815,           0.9968150,        -682.9011000,
 16816,           0.9968160,        -682.8877000,
 16817,           0.9968170,        -682.8733000,
 16818,           0.9968180,        -682.8595000,
 16819,           0.9968190,        -682.8444200,
 16820,           0.9968200,        -682.8314000,
 16821,           0.9968210,        -682.8165000,
 16822,           0.9968220,        -682.8035200,
 16823,           0.9968230,        -682.7892000,
 16824,           0.9968240,        -682.7744100,
 16825,           0.9968250,        -682.7618000,
 16826,           0.9968260,        -682.7466000,
 16827,           0.9968270,        -682.7322000,
 16828,           0.9968280,        -682.7182000,
 16829,           0.9968290,        -682.7044000,
 16830,           0.9968300,        -682.6906000,
 16831,           0.9968310,        -682.6774000,
 16832,           0.9968320,        -682.6633000,
 16833,           0.9968330,        -682.6488000,
 16834,           0.9968340,        -682.6353100,
 16835,           0.9968350,        -682.6210000,
 16836,           0.9968360,        -682.6067000,
 16837,           0.9968370,        -682.5928000,
 16838,           0.9968380,        -682.5787300,
 16839,           0.9968390,        -682.5652000,
 16840,           0.9968400,        -682.5505000,
 16841,           0.9968410,        -682.5374000,
 16842,           0.9968420,        -682.5237000,
 16843,           0.9968430,        -682.5100000,
 16844,           0.9968440,        -682.4961000,
 16845,           0.9968450,        -682.4818000,
 16846,           0.9968460,        -682.4681300,
 16847,           0.9968470,        -682.4539100,
 16848,           0.9968480,        -682.4398000,
 16849,           0.9968490,        -682.4263000,
 16850,           0.9968500,        -682.4134000,
 16851,           0.9968510,        -682.3995000,
 16852,           0.9968520,        -682.3859200,
 16853,           0.9968530,        -682.3717000,
 16854,           0.9968540,        -682.3577200,
 16855,           0.9968550,        -682.3434400,
 16856,           0.9968560,        -682.3302000,
 16857,           0.9968570,        -682.3163000,
 16858,           0.9968580,        -682.3024200,
 16859,           0.9968590,        -682.2883300,
 16860,           0.9968600,        -682.2751400,
 16861,           0.9968610,        -682.2623200,
 16862,           0.9968620,        -682.2479000,
 16863,           0.9968630,        -682.2346100,
 16864,           0.9968640,        -682.2205200,
 16865,           0.9968650,        -682.2064200,
 16866,           0.9968660,        -682.1930000,
 16867,           0.9968670,        -682.1789000,
 16868,           0.9968680,        -682.1653000,
 16869,           0.9968690,        -682.1524000,
 16870,           0.9968700,        -682.1400100,
 16871,           0.9968710,        -682.1252000,
 16872,           0.9968720,        -682.1114000,
 16873,           0.9968730,        -682.0977100,
 16874,           0.9968740,        -682.0844100,
 16875,           0.9968750,        -682.0712000,
 16876,           0.9968760,        -682.0569400,
 16877,           0.9968770,        -682.0432100,
 16878,           0.9968780,        -682.0293000,
 16879,           0.9968790,        -682.0173300,
 16880,           0.9968800,        -682.0036000,
 16881,           0.9968810,        -681.9896200,
 16882,           0.9968820,        -681.9763000,
 16883,           0.9968830,        -681.9633000,
 16884,           0.9968840,        -681.9487300,
 16885,           0.9968850,        -681.9356000,
 16886,           0.9968860,        -681.9211400,
 16887,           0.9968870,        -681.9081000,
 16888,           0.9968880,        -681.8960000,
 16889,           0.9968890,        -681.8828100,
 16890,           0.9968900,        -681.8688000,
 16891,           0.9968910,        -681.8544300,
 16892,           0.9968920,        -681.8422200,
 16893,           0.9968930,        -681.8283000,
 16894,           0.9968940,        -681.8149000,
 16895,           0.9968950,        -681.8009000,
 16896,           0.9968960,        -681.7869000,
 16897,           0.9968970,        -681.7745000,
 16898,           0.9968980,        -681.7618000,
 16899,           0.9968990,        -681.7488400,
 16900,           0.9969000,        -681.7347000,
 16901,           0.9969010,        -681.7217000,
 16902,           0.9969020,        -681.7083000,
 16903,           0.9969030,        -681.6945000,
 16904,           0.9969040,        -681.6814000,
 16905,           0.9969050,        -681.6671100,
 16906,           0.9969060,        -681.6548000,
 16907,           0.9969070,        -673.7422400,
 16908,           0.9969080,        -673.7291200,
 16909,           0.9969090,        -673.7161200,
 16910,           0.9969100,        -673.7032000,
 16911,           0.9969110,        -673.6896000,
 16912,           0.9969120,        -673.6758000,
 16913,           0.9969130,        -673.6616200,
 16914,           0.9969140,        -673.6483100,
 16915,           0.9969150,        -673.6354300,
 16916,           0.9969160,        -673.6220000,
 16917,           0.9969170,        -673.6096100,
 16918,           0.9969180,        -673.5959000,
 16919,           0.9969190,        -673.5829400,
 16920,           0.9969200,        -673.5693300,
 16921,           0.9969210,        -673.5563300,
 16922,           0.9969220,        -673.5425000,
 16923,           0.9969230,        -673.5292300,
 16924,           0.9969240,        -673.5157400,
 16925,           0.9969250,        -673.5018300,
 16926,           0.9969260,        -673.4890100,
 16927,           0.9969270,        -673.4763100,
 16928,           0.9969280,        -673.4644000,
 16929,           0.9969290,        -673.4504300,
 16930,           0.9969300,        -673.4360300,
 16931,           0.9969310,        -673.4236400,
 16932,           0.9969320,        -673.4099100,
 16933,           0.9969330,        -673.3975200,
 16934,           0.9969340,        -673.3840000,
 16935,           0.9969350,        -673.3705000,
 16936,           0.9969360,        -673.3569300,
 16937,           0.9969370,        -673.3456000,
 16938,           0.9969380,        -673.3323000,
 16939,           0.9969390,        -673.3189000,
 16940,           0.9969400,        -673.3052300,
 16941,           0.9969410,        -673.2926000,
 16942,           0.9969420,        -673.2793000,
 16943,           0.9969430,        -673.2661100,
 16944,           0.9969440,        -673.2524400,
 16945,           0.9969450,        -673.2401000,
 16946,           0.9969460,        -673.2278000,
 16947,           0.9969470,        -673.2144100,
 16948,           0.9969480,        -673.2014100,
 16949,           0.9969490,        -673.1880000,
 16950,           0.9969500,        -673.1761400,
 16951,           0.9969510,        -673.1625000,
 16952,           0.9969520,        -673.1486200,
 16953,           0.9969530,        -673.1354300,
 16954,           0.9969540,        -673.1223000,
 16955,           0.9969550,        -673.1105300,
 16956,           0.9969560,        -673.0981400,
 16957,           0.9969570,        -673.0845000,
 16958,           0.9969580,        -673.0719000,
 16959,           0.9969590,        -673.0588000,
 16960,           0.9969600,        -673.0463000,
 16961,           0.9969610,        -673.0327100,
 16962,           0.9969620,        -673.0200100,
 16963,           0.9969630,        -673.0070100,
 16964,           0.9969640,        -672.9940000,
 16965,           0.9969650,        -672.9814000,
 16966,           0.9969660,        -672.9692300,
 16967,           0.9969670,        -672.9564000,
 16968,           0.9969680,        -672.9439000,
 16969,           0.9969690,        -672.9300000,
 16970,           0.9969700,        -672.9178000,
 16971,           0.9969710,        -672.9042000,
 16972,           0.9969720,        -672.8920000,
 16973,           0.9969730,        -672.8796000,
 16974,           0.9969740,        -672.8655000,
 16975,           0.9969750,        -672.8530200,
 16976,           0.9969760,        -672.8411200,
 16977,           0.9969770,        -672.8294000,
 16978,           0.9969780,        -672.8162200,
 16979,           0.9969790,        -672.8021200,
 16980,           0.9969800,        -672.7903000,
 16981,           0.9969810,        -672.7768000,
 16982,           0.9969820,        -672.7652000,
 16983,           0.9969830,        -672.7521300,
 16984,           0.9969840,        -672.7385200,
 16985,           0.9969850,        -672.7260100,
 16986,           0.9969860,        -672.7148400,
 16987,           0.9969870,        -672.7025000,
 16988,           0.9969880,        -672.6898100,
 16989,           0.9969890,        -672.6765100,
 16990,           0.9969900,        -672.6638000,
 16991,           0.9969910,        -672.6515000,
 16992,           0.9969920,        -672.6390000,
 16993,           0.9969930,        -672.6260000,
 16994,           0.9969940,        -672.6127300,
 16995,           0.9969950,        -672.6014000,
 16996,           0.9969960,        -672.5892000,
 16997,           0.9969970,        -672.5770000,
 16998,           0.9969980,        -672.5641000,
 16999,           0.9969990,        -672.5509000,
 17000,           0.9970000,        -672.5393000,
 17001,           0.9970010,        -672.5258000,
 17002,           0.9970020,        -672.5140000,
 17003,           0.9970030,        -672.5008000,
 17004,           0.9970040,        -672.4886000,
 17005,           0.9970050,        -672.4780000,
 17006,           0.9970060,        -672.4648400,
 17007,           0.9970070,        -672.4521400,
 17008,           0.9970080,        -672.4395000,
 17009,           0.9970090,        -672.4272000,
 17010,           0.9970100,        -672.4148000,
 17011,           0.9970110,        -672.4019100,
 17012,           0.9970120,        -672.3897000,
 17013,           0.9970130,        -672.3777000,
 17014,           0.9970140,        -672.3646200,
 17015,           0.9970150,        -672.3536300,
 17016,           0.9970160,        -672.3409400,
 17017,           0.9970170,        -672.3291000,
 17018,           0.9970180,        -672.3163000,
 17019,           0.9970190,        -672.3038000,
 17020,           0.9970200,        -672.2915000,
 17021,           0.9970210,        -672.2789000,
 17022,           0.9970220,        -672.2678000,
 17023,           0.9970230,        -672.2543300,
 17024,           0.9970240,        -672.2419000,
 17025,           0.9970250,        -672.2310000,
 17026,           0.9970260,        -672.2185000,
 17027,           0.9970270,        -672.2070300,
 17028,           0.9970280,        -672.1945100,
 17029,           0.9970290,        -672.1815100,
 17030,           0.9970300,        -672.1691000,
 17031,           0.9970310,        -672.1573000,
 17032,           0.9970320,        -672.1455000,
 17033,           0.9970330,        -672.1332300,
 17034,           0.9970340,        -672.1203000,
 17035,           0.9970350,        -672.1093100,
 17036,           0.9970360,        -672.0980000,
 17037,           0.9970370,        -672.0859000,
 17038,           0.9970380,        -672.0732000,
 17039,           0.9970390,        -672.0604000,
 17040,           0.9970400,        -672.0490100,
 17041,           0.9970410,        -672.0363100,
 17042,           0.9970420,        -672.0245300,
 17043,           0.9970430,        -672.0123200,
 17044,           0.9970440,        -671.9995100,
 17045,           0.9970450,        -671.9889000,
 17046,           0.9970460,        -671.9770000,
 17047,           0.9970470,        -671.9654000,
 17048,           0.9970480,        -671.9528000,
 17049,           0.9970490,        -671.9412000,
 17050,           0.9970500,        -671.9296000,
 17051,           0.9970510,        -671.9167000,
 17052,           0.9970520,        -671.9051000,
 17053,           0.9970530,        -671.8923300,
 17054,           0.9970540,        -671.8809200,
 17055,           0.9970550,        -671.8688000,
 17056,           0.9970560,        -671.8583000,
 17057,           0.9970570,        -671.8453300,
 17058,           0.9970580,        -671.8345000,
 17059,           0.9970590,        -671.8222000,
 17060,           0.9970600,        -671.8104200,
 17061,           0.9970610,        -671.7982100,
 17062,           0.9970620,        -671.7856400,
 17063,           0.9970630,        -671.7748400,
 17064,           0.9970640,        -671.7623200,
 17065,           0.9970650,        -671.7510000,
 17066,           0.9970660,        -671.7397000,
 17067,           0.9970670,        -671.7283300,
 17068,           0.9970680,        -671.7166100,
 17069,           0.9970690,        -671.7043400,
 17070,           0.9970700,        -671.6927000,
 17071,           0.9970710,        -671.6803000,
 17072,           0.9970720,        -671.6689400,
 17073,           0.9970730,        -671.6570000,
 17074,           0.9970740,        -671.6452000,
 17075,           0.9970750,        -671.6335000,
 17076,           0.9970760,        -671.6236000,
 17077,           0.9970770,        -671.6115100,
 17078,           0.9970780,        -671.5996000,
 17079,           0.9970790,        -671.5875000,
 17080,           0.9970800,        -671.5752000,
 17081,           0.9970810,        -671.5649400,
 17082,           0.9970820,        -671.5526000,
 17083,           0.9970830,        -671.5411000,
 17084,           0.9970840,        -671.5287000,
 17085,           0.9970850,        -671.5175000,
 17086,           0.9970860,        -671.5074000,
 17087,           0.9970870,        -671.4954200,
 17088,           0.9970880,        -671.4843000,
 17089,           0.9970890,        -671.4719000,
 17090,           0.9970900,        -671.4608000,
 17091,           0.9970910,        -671.4492100,
 17092,           0.9970920,        -671.4374000,
 17093,           0.9970930,        -671.4260000,
 17094,           0.9970940,        -671.4148000,
 17095,           0.9970950,        -671.4023400,
 17096,           0.9970960,        -671.3926300,
 17097,           0.9970970,        -671.3804300,
 17098,           0.9970980,        -671.3688000,
 17099,           0.9970990,        -671.3581000,
 17100,           0.9971000,        -671.3463100,
 17101,           0.9971010,        -671.3354400,
 17102,           0.9971020,        -671.3228100,
 17103,           0.9971030,        -671.3120100,
 17104,           0.9971040,        -671.3005300,
 17105,           0.9971050,        -671.2889400,
 17106,           0.9971060,        -671.2775200,
 17107,           0.9971070,        -671.2671000,
 17108,           0.9971080,        -671.2559200,
 17109,           0.9971090,        -671.2450000,
 17110,           0.9971100,        -671.2332100,
 17111,           0.9971110,        -671.2220000,
 17112,           0.9971120,        -671.2106000,
 17113,           0.9971130,        -671.1991000,
 17114,           0.9971140,        -671.1876200,
 17115,           0.9971150,        -671.1761400,
 17116,           0.9971160,        -671.1647000,
 17117,           0.9971170,        -671.1555000,
 17118,           0.9971180,        -671.1437300,
 17119,           0.9971190,        -671.1328000,
 17120,           0.9971200,        -671.1211000,
 17121,           0.9971210,        -671.1100400,
 17122,           0.9971220,        -671.0992000,
 17123,           0.9971230,        -671.0872000,
 17124,           0.9971240,        -671.0764100,
 17125,           0.9971250,        -671.0648100,
 17126,           0.9971260,        -671.0536400,
 17127,           0.9971270,        -671.0439000,
 17128,           0.9971280,        -671.0327100,
 17129,           0.9971290,        -671.0209000,
 17130,           0.9971300,        -671.0105000,
 17131,           0.9971310,        -670.9990200,
 17132,           0.9971320,        -670.9883000,
 17133,           0.9971330,        -670.9764400,
 17134,           0.9971340,        -670.9657000,
 17135,           0.9971350,        -670.9548300,
 17136,           0.9971360,        -670.9433000,
 17137,           0.9971370,        -670.9326100,
 17138,           0.9971380,        -670.9226000,
 17139,           0.9971390,        -670.9122000,
 17140,           0.9971400,        -670.9008000,
 17141,           0.9971410,        -670.8893000,
 17142,           0.9971420,        -670.8781100,
 17143,           0.9971430,        -670.8683400,
 17144,           0.9971440,        -670.8564400,
 17145,           0.9971450,        -670.8458200,
 17146,           0.9971460,        -670.8344100,
 17147,           0.9971470,        -670.8229000,
 17148,           0.9971480,        -670.8142000,
 17149,           0.9971490,        -670.8033000,
 17150,           0.9971500,        -670.7916200,
 17151,           0.9971510,        -670.7809000,
 17152,           0.9971520,        -670.7703000,
 17153,           0.9971530,        -670.7597000,
 17154,           0.9971540,        -670.7484000,
 17155,           0.9971550,        -670.7373000,
 17156,           0.9971560,        -670.7261000,
 17157,           0.9971570,        -670.7159400,
 17158,           0.9971580,        -670.7054400,
 17159,           0.9971590,        -670.6956000,
 17160,           0.9971600,        -670.6841400,
 17161,           0.9971610,        -670.6746200,
 17162,           0.9971620,        -670.6632000,
 17163,           0.9971630,        -670.6520000,
 17164,           0.9971640,        -670.6415000,
 17165,           0.9971650,        -670.6306000,
 17166,           0.9971660,        -670.6204000,
 17167,           0.9971670,        -670.6092000,
 17168,           0.9971680,        -670.5981400,
 17169,           0.9971690,        -670.5891000,
 17170,           0.9971700,        -670.5787000,
 17171,           0.9971710,        -670.5677000,
 17172,           0.9971720,        -670.5570000,
 17173,           0.9971730,        -670.5463000,
 17174,           0.9971740,        -670.5356400,
 17175,           0.9971750,        -670.5253000,
 17176,           0.9971760,        -670.5143400,
 17177,           0.9971770,        -670.5040000,
 17178,           0.9971780,        -670.4927000,
 17179,           0.9971790,        -670.4827200,
 17180,           0.9971800,        -670.4734400,
 17181,           0.9971810,        -670.4626400,
 17182,           0.9971820,        -670.4524000,
 17183,           0.9971830,        -670.4417100,
 17184,           0.9971840,        -670.4308400,
 17185,           0.9971850,        -670.4210200,
 17186,           0.9971860,        -670.4099100,
 17187,           0.9971870,        -670.3991000,
 17188,           0.9971880,        -670.3896000,
 17189,           0.9971890,        -670.3789000,
 17190,           0.9971900,        -670.3697000,
 17191,           0.9971910,        -670.3588000,
 17192,           0.9971920,        -670.3483000,
 17193,           0.9971930,        -670.3387400,
 17194,           0.9971940,        -670.3277000,
 17195,           0.9971950,        -670.3171000,
 17196,           0.9971960,        -670.3069400,
 17197,           0.9971970,        -670.2969000,
 17198,           0.9971980,        -670.2867400,
 17199,           0.9971990,        -670.2764000,
 17200,           0.9972000,        -670.2654400,
 17201,           0.9972010,        -670.2565300,
 17202,           0.9972020,        -670.2462100,
 17203,           0.9972030,        -670.2357100,
 17204,           0.9972040,        -670.2257000,
 17205,           0.9972050,        -670.2151400,
 17206,           0.9972060,        -670.2055000,
 17207,           0.9972070,        -670.1949400,
 17208,           0.9972080,        -670.1845000,
 17209,           0.9972090,        -670.1744000,
 17210,           0.9972100,        -670.1639000,
 17211,           0.9972110,        -670.1537400,
 17212,           0.9972120,        -670.1453000,
 17213,           0.9972130,        -670.1345200,
 17214,           0.9972140,        -670.1249000,
 17215,           0.9972150,        -670.1146200,
 17216,           0.9972160,        -670.1041200,
 17217,           0.9972170,        -670.0946000,
 17218,           0.9972180,        -670.0840400,
 17219,           0.9972190,        -670.0734000,
 17220,           0.9972200,        -670.0642000,
 17221,           0.9972210,        -670.0536400,
 17222,           0.9972220,        -670.0455300,
 17223,           0.9972230,        -670.0349100,
 17224,           0.9972240,        -670.0250000,
 17225,           0.9972250,        -670.0153100,
 17226,           0.9972260,        -670.0049000,
 17227,           0.9972270,        -669.9944400,
 17228,           0.9972280,        -669.9844300,
 17229,           0.9972290,        -669.9750000,
 17230,           0.9972300,        -669.9650200,
 17231,           0.9972310,        -669.9551000,
 17232,           0.9972320,        -669.9447000,
 17233,           0.9972330,        -669.9373000,
 17234,           0.9972340,        -669.9265000,
 17235,           0.9972350,        -669.9163000,
 17236,           0.9972360,        -669.9065000,
 17237,           0.9972370,        -669.8966000,
 17238,           0.9972380,        -669.8865000,
 17239,           0.9972390,        -669.8774400,
 17240,           0.9972400,        -669.8667000,
 17241,           0.9972410,        -669.8575400,
 17242,           0.9972420,        -669.8478000,
 17243,           0.9972430,        -669.8373400,
 17244,           0.9972440,        -669.8295000,
 17245,           0.9972450,        -669.8192000,
 17246,           0.9972460,        -669.8091000,
 17247,           0.9972470,        -669.8001000,
 17248,           0.9972480,        -669.7903000,
 17249,           0.9972490,        -669.7806000,
 17250,           0.9972500,        -669.7708000,
 17251,           0.9972510,        -669.7610000,
 17252,           0.9972520,        -669.7516400,
 17253,           0.9972530,        -669.7415000,
 17254,           0.9972540,        -669.7316200,
 17255,           0.9972550,        -669.7234000,
 17256,           0.9972560,        -669.7139000,
 17257,           0.9972570,        -669.7042000,
 17258,           0.9972580,        -669.6944000,
 17259,           0.9972590,        -669.6848000,
 17260,           0.9972600,        -669.6760200,
 17261,           0.9972610,        -669.6661000,
 17262,           0.9972620,        -669.6558000,
 17263,           0.9972630,        -669.6468000,
 17264,           0.9972640,        -669.6369000,
 17265,           0.9972650,        -669.6288000,
 17266,           0.9972660,        -669.6199000,
 17267,           0.9972670,        -669.6096000,
 17268,           0.9972680,        -669.6000000,
 17269,           0.9972690,        -669.5912000,
 17270,           0.9972700,        -669.5817200,
 17271,           0.9972710,        -669.5721400,
 17272,           0.9972720,        -669.5627000,
 17273,           0.9972730,        -669.5526100,
 17274,           0.9972740,        -669.5440000,
 17275,           0.9972750,        -669.5343000,
 17276,           0.9972760,        -669.5258000,
 17277,           0.9972770,        -669.5169000,
 17278,           0.9972780,        -669.5074400,
 17279,           0.9972790,        -669.4979200,
 17280,           0.9972800,        -669.4887000,
 17281,           0.9972810,        -669.4793000,
 17282,           0.9972820,        -669.4702100,
 17283,           0.9972830,        -669.4610000,
 17284,           0.9972840,        -669.4512300,
 17285,           0.9972850,        -669.4422000,
 17286,           0.9972860,        -669.4329000,
 17287,           0.9972870,        -669.4248000,
 17288,           0.9972880,        -669.4161300,
 17289,           0.9972890,        -669.4066100,
 17290,           0.9972900,        -669.3968000,
 17291,           0.9972910,        -669.3878000,
 17292,           0.9972920,        -669.3788000,
 17293,           0.9972930,        -669.3701000,
 17294,           0.9972940,        -669.3605000,
 17295,           0.9972950,        -669.3508300,
 17296,           0.9972960,        -669.3425000,
 17297,           0.9972970,        -669.3332000,
 17298,           0.9972980,        -669.3251000,
 17299,           0.9972990,        -669.3161000,
 17300,           0.9973000,        -669.3069400,
 17301,           0.9973010,        -669.2978000,
 17302,           0.9973020,        -669.2892000,
 17303,           0.9973030,        -669.2798000,
 17304,           0.9973040,        -669.2711000,
 17305,           0.9973050,        -669.2623200,
 17306,           0.9973060,        -669.2527400,
 17307,           0.9973070,        -669.2443000,
 17308,           0.9973080,        -669.2346000,
 17309,           0.9973090,        -669.2269000,
 17310,           0.9973100,        -669.2186200,
 17311,           0.9973110,        -669.2095300,
 17312,           0.9973120,        -669.1999000,
 17313,           0.9973130,        -669.1913400,
 17314,           0.9973140,        -669.1829000,
 17315,           0.9973150,        -669.1733300,
 17316,           0.9973160,        -669.1650300,
 17317,           0.9973170,        -669.1555000,
 17318,           0.9973180,        -669.1472100,
 17319,           0.9973190,        -669.1385400,
 17320,           0.9973200,        -669.1292000,
 17321,           0.9973210,        -669.1221300,
 17322,           0.9973220,        -669.1127300,
 17323,           0.9973230,        -669.1045000,
 17324,           0.9973240,        -669.0957000,
 17325,           0.9973250,        -669.0869100,
 17326,           0.9973260,        -669.0776300,
 17327,           0.9973270,        -669.0692100,
 17328,           0.9973280,        -669.0605400,
 17329,           0.9973290,        -669.0522000,
 17330,           0.9973300,        -669.0433000,
 17331,           0.9973310,        -669.0342400,
 17332,           0.9973320,        -669.0274000,
 17333,           0.9973330,        -669.0188000,
 17334,           0.9973340,        -669.0094000,
 17335,           0.9973350,        -669.0013000,
 17336,           0.9973360,        -668.9930400,
 17337,           0.9973370,        -668.9841300,
 17338,           0.9973380,        -668.9757000,
 17339,           0.9973390,        -668.9666000,
 17340,           0.9973400,        -668.9578200,
 17341,           0.9973410,        -668.9499000,
 17342,           0.9973420,        -668.9414000,
 17343,           0.9973430,        -668.9338300,
 17344,           0.9973440,        -668.9255300,
 17345,           0.9973450,        -668.9171100,
 17346,           0.9973460,        -668.9088000,
 17347,           0.9973470,        -668.9003000,
 17348,           0.9973480,        -668.8912000,
 17349,           0.9973490,        -668.8832300,
 17350,           0.9973500,        -668.8748100,
 17351,           0.9973510,        -668.8664000,
 17352,           0.9973520,        -668.8580000,
 17353,           0.9973530,        -668.8493000,
 17354,           0.9973540,        -668.8425000,
 17355,           0.9973550,        -668.8345300,
 17356,           0.9973560,        -668.8256000,
 17357,           0.9973570,        -668.8170000,
 17358,           0.9973580,        -668.8091000,
 17359,           0.9973590,        -668.8009000,
 17360,           0.9973600,        -668.7932100,
 17361,           0.9973610,        -668.7843000,
 17362,           0.9973620,        -668.7758100,
 17363,           0.9973630,        -668.7684000,
 17364,           0.9973640,        -668.7595000,
 17365,           0.9973650,        -668.7526200,
 17366,           0.9973660,        -668.7442000,
 17367,           0.9973670,        -668.7362000,
 17368,           0.9973680,        -668.7279000,
 17369,           0.9973690,        -668.7202000,
 17370,           0.9973700,        -668.7118000,
 17371,           0.9973710,        -668.7028000,
 17372,           0.9973720,        -668.6959200,
 17373,           0.9973730,        -668.6874000,
 17374,           0.9973740,        -668.6786400,
 17375,           0.9973750,        -668.6711400,
 17376,           0.9973760,        -668.6630000,
 17377,           0.9973770,        -668.6564300,
 17378,           0.9973780,        -668.6485000,
 17379,           0.9973790,        -668.6398300,
 17380,           0.9973800,        -668.6323200,
 17381,           0.9973810,        -668.6245100,
 17382,           0.9973820,        -668.6164000,
 17383,           0.9973830,        -668.6087000,
 17384,           0.9973840,        -668.5998000,
 17385,           0.9973850,        -668.5920000,
 17386,           0.9973860,        -668.5848300,
 17387,           0.9973870,        -668.5768000,
 17388,           0.9973880,        -668.5697000,
 17389,           0.9973890,        -668.5616400,
 17390,           0.9973900,        -668.5544000,
 17391,           0.9973910,        -668.5461400,
 17392,           0.9973920,        -668.5385100,
 17393,           0.9973930,        -668.5305000,
 17394,           0.9973940,        -668.5223300,
 17395,           0.9973950,        -668.5154000,
 17396,           0.9973960,        -668.5071400,
 17397,           0.9973970,        -668.4987100,
 17398,           0.9973980,        -668.4917000,
 17399,           0.9973990,        -668.4841300,
 17400,           0.9974000,        -668.4775000,
 17401,           0.9974010,        -668.4701000,
 17402,           0.9974020,        -668.4617300,
 17403,           0.9974030,        -668.4543000,
 17404,           0.9974040,        -668.4469000,
 17405,           0.9974050,        -668.4388400,
 17406,           0.9974060,        -668.4317000,
 17407,           0.9974070,        -668.4235000,
 17408,           0.9974080,        -668.4159000,
 17409,           0.9974090,        -668.4088000,
 17410,           0.9974100,        -668.4008100,
 17411,           0.9974110,        -668.3944000,
 17412,           0.9974120,        -668.3868400,
 17413,           0.9974130,        -668.3796000,
 17414,           0.9974140,        -668.3715000,
 17415,           0.9974150,        -668.3646200,
 17416,           0.9974160,        -668.3569000,
 17417,           0.9974170,        -668.3492400,
 17418,           0.9974180,        -668.3419100,
 17419,           0.9974190,        -668.3346000,
 17420,           0.9974200,        -668.3264100,
 17421,           0.9974210,        -668.3192100,
 17422,           0.9974220,        -668.3121000,
 17423,           0.9974230,        -668.3057000,
 17424,           0.9974240,        -668.2984000,
 17425,           0.9974250,        -668.2911000,
 17426,           0.9974260,        -668.2844000,
 17427,           0.9974270,        -668.2769000,
 17428,           0.9974280,        -668.2690400,
 17429,           0.9974290,        -668.2619000,
 17430,           0.9974300,        -668.2546300,
 17431,           0.9974310,        -668.2474000,
 17432,           0.9974320,        -668.2401100,
 17433,           0.9974330,        -668.2325000,
 17434,           0.9974340,        -668.2261300,
 17435,           0.9974350,        -668.2197000,
 17436,           0.9974360,        -668.2124000,
 17437,           0.9974370,        -668.2047100,
 17438,           0.9974380,        -668.1981000,
 17439,           0.9974390,        -668.1902400,
 17440,           0.9974400,        -668.1830400,
 17441,           0.9974410,        -668.1766300,
 17442,           0.9974420,        -668.1691200,
 17443,           0.9974430,        -668.1614300,
 17444,           0.9974440,        -668.1554000,
 17445,           0.9974450,        -668.1479400,
 17446,           0.9974460,        -668.1417000,
 17447,           0.9974470,        -668.1352000,
 17448,           0.9974480,        -668.1276200,
 17449,           0.9974490,        -668.1207000,
 17450,           0.9974500,        -668.1143100,
 17451,           0.9974510,        -668.1066200,
 17452,           0.9974520,        -668.0994200,
 17453,           0.9974530,        -668.0933200,
 17454,           0.9974540,        -668.0858100,
 17455,           0.9974550,        -668.0787000,
 17456,           0.9974560,        -668.0721000,
 17457,           0.9974570,        -668.0660400,
 17458,           0.9974580,        -668.0596000,
 17459,           0.9974590,        -668.0529000,
 17460,           0.9974600,        -668.0456000,
 17461,           0.9974610,        -668.0384000,
 17462,           0.9974620,        -668.0324000,
 17463,           0.9974630,        -668.0253000,
 17464,           0.9974640,        -668.0181200,
 17465,           0.9974650,        -668.0116000,
 17466,           0.9974660,        -668.0042000,
 17467,           0.9974670,        -667.9986000,
 17468,           0.9974680,        -667.9911400,
 17469,           0.9974690,        -667.9854000,
 17470,           0.9974700,        -667.9793000,
 17471,           0.9974710,        -667.9727000,
 17472,           0.9974720,        -667.9656300,
 17473,           0.9974730,        -667.9592000,
 17474,           0.9974740,        -667.9522000,
 17475,           0.9974750,        -667.9454300,
 17476,           0.9974760,        -667.9396000,
 17477,           0.9974770,        -667.9323100,
 17478,           0.9974780,        -667.9258000,
 17479,           0.9974790,        -667.9191200,
 17480,           0.9974800,        -667.9127000,
 17481,           0.9974810,        -667.9070400,
 17482,           0.9974820,        -667.9011200,
 17483,           0.9974830,        -667.8940400,
 17484,           0.9974840,        -667.8876300,
 17485,           0.9974850,        -659.9213200,
 17486,           0.9974860,        -659.9142400,
 17487,           0.9974870,        -659.9076000,
 17488,           0.9974880,        -659.9012400,
 17489,           0.9974890,        -659.8945300,
 17490,           0.9974900,        -659.8877000,
 17491,           0.9974910,        -659.8813000,
 17492,           0.9974920,        -659.8745000,
 17493,           0.9974930,        -659.8694400,
 17494,           0.9974940,        -659.8630300,
 17495,           0.9974950,        -659.8562000,
 17496,           0.9974960,        -659.8499100,
 17497,           0.9974970,        -659.8436000,
 17498,           0.9974980,        -659.8367300,
 17499,           0.9974990,        -659.8299000,
 17500,           0.9975000,        -659.8243000,
 17501,           0.9975010,        -659.8173000,
 17502,           0.9975020,        -659.8108000,
 17503,           0.9975030,        -659.8047400,
 17504,           0.9975040,        -659.7980300,
 17505,           0.9975050,        -659.7930000,
 17506,           0.9975060,        -659.7872000,
 17507,           0.9975070,        -659.7805100,
 17508,           0.9975080,        -659.7738000,
 17509,           0.9975090,        -659.7679000,
 17510,           0.9975100,        -659.7614000,
 17511,           0.9975110,        -659.7548200,
 17512,           0.9975120,        -659.7493200,
 17513,           0.9975130,        -659.7426000,
 17514,           0.9975140,        -659.7361400,
 17515,           0.9975150,        -659.7306000,
 17516,           0.9975160,        -659.7242000,
 17517,           0.9975170,        -659.7190000,
 17518,           0.9975180,        -659.7134000,
 17519,           0.9975190,        -659.7068000,
 17520,           0.9975200,        -659.7002000,
 17521,           0.9975210,        -659.6949400,
 17522,           0.9975220,        -659.6887200,
 17523,           0.9975230,        -659.6818200,
 17524,           0.9975240,        -659.6765000,
 17525,           0.9975250,        -659.6703000,
 17526,           0.9975260,        -659.6639400,
 17527,           0.9975270,        -659.6580200,
 17528,           0.9975280,        -659.6520000,
 17529,           0.9975290,        -659.6475000,
 17530,           0.9975300,        -659.6413000,
 17531,           0.9975310,        -659.6356200,
 17532,           0.9975320,        -659.6292000,
 17533,           0.9975330,        -659.6235300,
 17534,           0.9975340,        -659.6179000,
 17535,           0.9975350,        -659.6117000,
 17536,           0.9975360,        -659.6058300,
 17537,           0.9975370,        -659.6000300,
 17538,           0.9975380,        -659.5945000,
 17539,           0.9975390,        -659.5884300,
 17540,           0.9975400,        -659.5820000,
 17541,           0.9975410,        -659.5777000,
 17542,           0.9975420,        -659.5721400,
 17543,           0.9975430,        -659.5663000,
 17544,           0.9975440,        -659.5605400,
 17545,           0.9975450,        -659.5549300,
 17546,           0.9975460,        -659.5491000,
 17547,           0.9975470,        -659.5438000,
 17548,           0.9975480,        -659.5380000,
 17549,           0.9975490,        -659.5319000,
 17550,           0.9975500,        -659.5261200,
 17551,           0.9975510,        -659.5209300,
 17552,           0.9975520,        -659.5153100,
 17553,           0.9975530,        -659.5106200,
 17554,           0.9975540,        -659.5048000,
 17555,           0.9975550,        -659.4996300,
 17556,           0.9975560,        -659.4940100,
 17557,           0.9975570,        -659.4880300,
 17558,           0.9975580,        -659.4828400,
 17559,           0.9975590,        -659.4772000,
 17560,           0.9975600,        -659.4716000,
 17561,           0.9975610,        -659.4670000,
 17562,           0.9975620,        -659.4606000,
 17563,           0.9975630,        -659.4548000,
 17564,           0.9975640,        -659.4500100,
 17565,           0.9975650,        -659.4458000,
 17566,           0.9975660,        -659.4399400,
 17567,           0.9975670,        -659.4352000,
 17568,           0.9975680,        -659.4294000,
 17569,           0.9975690,        -659.4238200,
 17570,           0.9975700,        -659.4191000,
 17571,           0.9975710,        -659.4135100,
 17572,           0.9975720,        -659.4081000,
 17573,           0.9975730,        -659.4029000,
 17574,           0.9975740,        -659.3979400,
 17575,           0.9975750,        -659.3923000,
 17576,           0.9975760,        -659.3872000,
 17577,           0.9975770,        -659.3831000,
 17578,           0.9975780,        -659.3778000,
 17579,           0.9975790,        -659.3732200,
 17580,           0.9975800,        -659.3674000,
 17581,           0.9975810,        -659.3622000,
 17582,           0.9975820,        -659.3576000,
 17583,           0.9975830,        -659.3524100,
 17584,           0.9975840,        -659.3470000,
 17585,           0.9975850,        -659.3425200,
 17586,           0.9975860,        -659.3369000,
 17587,           0.9975870,        -659.3312300,
 17588,           0.9975880,        -659.3273000,
 17589,           0.9975890,        -659.3218000,
 17590,           0.9975900,        -659.3179000,
 17591,           0.9975910,        -659.3122000,
 17592,           0.9975920,        -659.3086000,
 17593,           0.9975930,        -659.3033000,
 17594,           0.9975940,        -659.2977200,
 17595,           0.9975950,        -659.2933000,
 17596,           0.9975960,        -659.2879000,
 17597,           0.9975970,        -659.2832000,
 17598,           0.9975980,        -659.2786000,
 17599,           0.9975990,        -659.2735000,
 17600,           0.9976000,        -659.2681200,
 17601,           0.9976010,        -659.2640300,
 17602,           0.9976020,        -659.2601300,
 17603,           0.9976030,        -659.2552400,
 17604,           0.9976040,        -659.2508000,
 17605,           0.9976050,        -659.2457000,
 17606,           0.9976060,        -659.2411000,
 17607,           0.9976070,        -659.2369300,
 17608,           0.9976080,        -659.2316000,
 17609,           0.9976090,        -659.2266000,
 17610,           0.9976100,        -659.2227100,
 17611,           0.9976110,        -659.2179000,
 17612,           0.9976120,        -659.2125200,
 17613,           0.9976130,        -659.2084000,
 17614,           0.9976140,        -659.2037300,
 17615,           0.9976150,        -659.2004000,
 17616,           0.9976160,        -659.1956000,
 17617,           0.9976170,        -659.1912000,
 17618,           0.9976180,        -659.1866000,
 17619,           0.9976190,        -659.1818200,
 17620,           0.9976200,        -659.1779000,
 17621,           0.9976210,        -659.1729100,
 17622,           0.9976220,        -659.1684000,
 17623,           0.9976230,        -659.1640000,
 17624,           0.9976240,        -659.1595400,
 17625,           0.9976250,        -659.1554000,
 17626,           0.9976260,        -659.1509000,
 17627,           0.9976270,        -659.1476000,
 17628,           0.9976280,        -659.1431000,
 17629,           0.9976290,        -659.1396400,
 17630,           0.9976300,        -659.1344000,
 17631,           0.9976310,        -659.1299400,
 17632,           0.9976320,        -659.1260300,
 17633,           0.9976330,        -659.1223000,
 17634,           0.9976340,        -659.1175000,
 17635,           0.9976350,        -659.1135000,
 17636,           0.9976360,        -659.1090000,
 17637,           0.9976370,        -659.1049100,
 17638,           0.9976380,        -659.1003000,
 17639,           0.9976390,        -659.0964300,
 17640,           0.9976400,        -659.0932000,
 17641,           0.9976410,        -659.0890000,
 17642,           0.9976420,        -659.0853000,
 17643,           0.9976430,        -659.0809300,
 17644,           0.9976440,        -659.0762300,
 17645,           0.9976450,        -659.0729000,
 17646,           0.9976460,        -659.0689000,
 17647,           0.9976470,        -659.0648100,
 17648,           0.9976480,        -659.0609100,
 17649,           0.9976490,        -659.0569000,
 17650,           0.9976500,        -659.0522400,
 17651,           0.9976510,        -659.0490000,
 17652,           0.9976520,        -659.0461000,
 17653,           0.9976530,        -659.0422000,
 17654,           0.9976540,        -659.0383000,
 17655,           0.9976550,        -659.0343000,
 17656,           0.9976560,        -659.0300000,
 17657,           0.9976570,        -659.0262000,
 17658,           0.9976580,        -659.0225200,
 17659,           0.9976590,        -659.0182000,
 17660,           0.9976600,        -659.0146000,
 17661,           0.9976610,        -659.0116000,
 17662,           0.9976620,        -659.0069000,
 17663,           0.9976630,        -659.0031000,
 17664,           0.9976640,        -659.0000000,
 17665,           0.9976650,        -658.9976000,
 17666,           0.9976660,        -658.9933400,
 17667,           0.9976670,        -658.9900000,
 17668,           0.9976680,        -658.9859000,
 17669,           0.9976690,        -658.9827000,
 17670,           0.9976700,        -658.9792000,
 17671,           0.9976710,        -658.9751000,
 17672,           0.9976720,        -658.9714300,
 17673,           0.9976730,        -658.9680100,
 17674,           0.9976740,        -658.9647000,
 17675,           0.9976750,        -658.9607000,
 17676,           0.9976760,        -658.9567000,
 17677,           0.9976770,        -658.9538000,
 17678,           0.9976780,        -658.9518000,
 17679,           0.9976790,        -658.9481200,
 17680,           0.9976800,        -658.9448000,
 17681,           0.9976810,        -658.9407000,
 17682,           0.9976820,        -658.9374300,
 17683,           0.9976830,        -658.9345000,
 17684,           0.9976840,        -658.9307000,
 17685,           0.9976850,        -658.9269000,
 17686,           0.9976860,        -658.9246000,
 17687,           0.9976870,        -658.9210000,
 17688,           0.9976880,        -658.9174100,
 17689,           0.9976890,        -658.9135100,
 17690,           0.9976900,        -658.9106000,
 17691,           0.9976910,        -658.9088100,
 17692,           0.9976920,        -658.9053300,
 17693,           0.9976930,        -658.9025000,
 17694,           0.9976940,        -658.8987400,
 17695,           0.9976950,        -658.8956000,
 17696,           0.9976960,        -658.8927000,
 17697,           0.9976970,        -658.8894000,
 17698,           0.9976980,        -658.8860400,
 17699,           0.9976990,        -658.8835400,
 17700,           0.9977000,        -658.8800000,
 17701,           0.9977010,        -658.8767000,
 17702,           0.9977020,        -658.8732200,
 17703,           0.9977030,        -658.8707000,
 17704,           0.9977040,        -658.8690100,
 17705,           0.9977050,        -658.8657200,
 17706,           0.9977060,        -658.8630300,
 17707,           0.9977070,        -658.8596000,
 17708,           0.9977080,        -658.8566000,
 17709,           0.9977090,        -658.8546000,
 17710,           0.9977100,        -658.8513000,
 17711,           0.9977110,        -658.8481000,
 17712,           0.9977120,        -658.8446000,
 17713,           0.9977130,        -658.8424000,
 17714,           0.9977140,        -658.8393000,
 17715,           0.9977150,        -658.8362400,
 17716,           0.9977160,        -658.8339200,
 17717,           0.9977170,        -658.8320000,
 17718,           0.9977180,        -658.8291000,
 17719,           0.9977190,        -658.8271000,
 17720,           0.9977200,        -658.8242000,
 17721,           0.9977210,        -658.8208000,
 17722,           0.9977220,        -658.8187200,
 17723,           0.9977230,        -658.8161000,
 17724,           0.9977240,        -658.8131100,
 17725,           0.9977250,        -658.8098100,
 17726,           0.9977260,        -658.8077000,
 17727,           0.9977270,        -658.8051100,
 17728,           0.9977280,        -658.8024000,
 17729,           0.9977290,        -658.8002000,
 17730,           0.9977300,        -658.7985000,
 17731,           0.9977310,        -658.7958000,
 17732,           0.9977320,        -658.7940000,
 17733,           0.9977330,        -658.7911300,
 17734,           0.9977340,        -658.7882000,
 17735,           0.9977350,        -658.7863100,
 17736,           0.9977360,        -658.7837000,
 17737,           0.9977370,        -658.7814000,
 17738,           0.9977380,        -658.7783200,
 17739,           0.9977390,        -658.7764000,
 17740,           0.9977400,        -658.7739000,
 17741,           0.9977410,        -658.7712400,
 17742,           0.9977420,        -658.7694000,
 17743,           0.9977430,        -658.7682400,
 17744,           0.9977440,        -658.7657000,
 17745,           0.9977450,        -658.7639000,
 17746,           0.9977460,        -658.7613000,
 17747,           0.9977470,        -658.7590300,
 17748,           0.9977480,        -658.7565000,
 17749,           0.9977490,        -658.7548000,
 17750,           0.9977500,        -658.7524400,
 17751,           0.9977510,        -658.7501000,
 17752,           0.9977520,        -658.7483000,
 17753,           0.9977530,        -658.7460300,
 17754,           0.9977540,        -658.7438000,
 17755,           0.9977550,        -658.7421000,
 17756,           0.9977560,        -658.7408400,
 17757,           0.9977570,        -658.7388300,
 17758,           0.9977580,        -658.7370000,
 17759,           0.9977590,        -658.7349000,
 17760,           0.9977600,        -658.7326000,
 17761,           0.9977610,        -658.7307100,
 17762,           0.9977620,        -658.7293000,
 17763,           0.9977630,        -658.7269000,
 17764,           0.9977640,        -658.7245400,
 17765,           0.9977650,        -658.7233200,
 17766,           0.9977660,        -658.7211000,
 17767,           0.9977670,        -658.7191000,
 17768,           0.9977680,        -658.7170000,
 17769,           0.9977690,        -658.7155100,
 17770,           0.9977700,        -658.7150000,
 17771,           0.9977710,        -658.7128000,
 17772,           0.9977720,        -658.7115400,
 17773,           0.9977730,        -658.7100000,
 17774,           0.9977740,        -658.7078000,
 17775,           0.9977750,        -658.7065400,
 17776,           0.9977760,        -658.7047100,
 17777,           0.9977770,        -658.7025100,
 17778,           0.9977780,        -658.7006200,
 17779,           0.9977790,        -658.6998000,
 17780,           0.9977800,        -658.6976300,
 17781,           0.9977810,        -658.6961000,
 17782,           0.9977820,        -658.6950000,
 17783,           0.9977830,        -658.6945100,
 17784,           0.9977840,        -658.6929300,
 17785,           0.9977850,        -658.6912200,
 17786,           0.9977860,        -658.6900000,
 17787,           0.9977870,        -658.6880000,
 17788,           0.9977880,        -658.6863400,
 17789,           0.9977890,        -658.6855000,
 17790,           0.9977900,        -658.6841000,
 17791,           0.9977910,        -658.6825000,
 17792,           0.9977920,        -658.6815000,
 17793,           0.9977930,        -658.6798000,
 17794,           0.9977940,        -658.6784000,
 17795,           0.9977950,        -658.6763300,
 17796,           0.9977960,        -658.6772000,
 17797,           0.9977970,        -658.6760000,
 17798,           0.9977980,        -658.6740100,
 17799,           0.9977990,        -658.6736000,
 17800,           0.9978000,        -658.6719300,
 17801,           0.9978010,        -658.6702200,
 17802,           0.9978020,        -658.6700000,
 17803,           0.9978030,        -658.6685000,
 17804,           0.9978040,        -658.6674100,
 17805,           0.9978050,        -658.6659000,
 17806,           0.9978060,        -658.6650000,
 17807,           0.9978070,        -658.6639000,
 17808,           0.9978080,        -658.6629000,
 17809,           0.9978090,        -658.6622000,
 17810,           0.9978100,        -658.6620400,
 17811,           0.9978110,        -658.6608000,
 17812,           0.9978120,        -658.6599100,
 17813,           0.9978130,        -658.6590000,
 17814,           0.9978140,        -658.6581400,
 17815,           0.9978150,        -658.6572000,
 17816,           0.9978160,        -658.6564300,
 17817,           0.9978170,        -658.6556000,
 17818,           0.9978180,        -658.6541100,
 17819,           0.9978190,        -658.6531000,
 17820,           0.9978200,        -658.6527000,
 17821,           0.9978210,        -658.6520000,
 17822,           0.9978220,        -658.6509000,
 17823,           0.9978230,        -658.6508000,
 17824,           0.9978240,        -658.6509000,
 17825,           0.9978250,        -658.6499000,
 17826,           0.9978260,        -658.6501400,
 17827,           0.9978270,        -658.6488000,
 17828,           0.9978280,        -658.6478200,
 17829,           0.9978290,        -658.6472000,
 17830,           0.9978300,        -658.6470300,
 17831,           0.9978310,        -658.6460000,
 17832,           0.9978320,        -658.6451400,
 17833,           0.9978330,        -658.6455000,
 17834,           0.9978340,        -658.6445000,
 17835,           0.9978350,        -658.6436000,
 17836,           0.9978360,        -658.6432000,
 17837,           0.9978370,        -658.6445000,
 17838,           0.9978380,        -658.6435000,
 17839,           0.9978390,        -658.6428200,
 17840,           0.9978400,        -658.6431000,
 17841,           0.9978410,        -658.6427000,
 17842,           0.9978420,        -658.6420000,
 17843,           0.9978430,        -658.6412300,
 17844,           0.9978440,        -658.6413000,
 17845,           0.9978450,        -658.6407000,
 17846,           0.9978460,        -658.6406200,
 17847,           0.9978470,        -658.6408000,
 17848,           0.9978480,        -658.6404000,
 17849,           0.9978490,        -658.6396400,
 17850,           0.9978500,        -658.6393400,
 17851,           0.9978510,        -658.6406200,
 17852,           0.9978520,        -658.6402000,
 17853,           0.9978530,        -658.6403100,
 17854,           0.9978540,        -658.6405000,
 17855,           0.9978550,        -658.6402000,
 17856,           0.9978560,        -658.6400100,
 17857,           0.9978570,        -658.6395200,
 17858,           0.9978580,        -658.6400100,
 17859,           0.9978590,        -658.6398300,
 17860,           0.9978600,        -658.6396000,
 17861,           0.9978610,        -658.6401300,
 17862,           0.9978620,        -658.6403100,
 17863,           0.9978630,        -658.6397000,
 17864,           0.9978640,        -658.6395200,
 17865,           0.9978650,        -658.6415000,
 17866,           0.9978660,        -658.6415400,
 17867,           0.9978670,        -658.6411100,
 17868,           0.9978680,        -658.6423000,
 17869,           0.9978690,        -658.6420000,
 17870,           0.9978700,        -658.6420000,
 17871,           0.9978710,        -658.6419000,
 17872,           0.9978720,        -658.6426300,
 17873,           0.9978730,        -658.6425100,
 17874,           0.9978740,        -658.6427000,
 17875,           0.9978750,        -658.6438000,
 17876,           0.9978760,        -658.6436100,
 17877,           0.9978770,        -658.6439000,
 17878,           0.9978780,        -658.6439000,
 17879,           0.9978790,        -658.6461100,
 17880,           0.9978800,        -658.6463000,
 17881,           0.9978810,        -658.6466000,
 17882,           0.9978820,        -658.6477000,
 17883,           0.9978830,        -658.6481300,
 17884,           0.9978840,        -658.6480100,
 17885,           0.9978850,        -658.6484300,
 17886,           0.9978860,        -658.6497000,
 17887,           0.9978870,        -658.6494100,
 17888,           0.9978880,        -658.6501000,
 17889,           0.9978890,        -658.6511000,
 17890,           0.9978900,        -658.6513000,
 17891,           0.9978910,        -658.6522200,
 17892,           0.9978920,        -658.6525200,
 17893,           0.9978930,        -658.6550000,
 17894,           0.9978940,        -658.6556300,
 17895,           0.9978950,        -658.6563000,
 17896,           0.9978960,        -658.6573400,
 17897,           0.9978970,        -658.6578000,
 17898,           0.9978980,        -658.6584400,
 17899,           0.9978990,        -658.6594000,
 17900,           0.9979000,        -658.6604000,
 17901,           0.9979010,        -658.6612000,
 17902,           0.9979020,        -658.6620000,
 17903,           0.9979030,        -658.6632000,
 17904,           0.9979040,        -658.6640000,
 17905,           0.9979050,        -658.6646000,
 17906,           0.9979060,        -658.6650300,
 17907,           0.9979070,        -658.6681000,
 17908,           0.9979080,        -658.6691200,
 17909,           0.9979090,        -658.6697300,
 17910,           0.9979100,        -658.6708000,
 17911,           0.9979110,        -658.6724000,
 17912,           0.9979120,        -658.6730300,
 17913,           0.9979130,        -658.6738000,
 17914,           0.9979140,        -658.6754100,
 17915,           0.9979150,        -658.6765000,
 17916,           0.9979160,        -658.6775000,
 17917,           0.9979170,        -658.6787100,
 17918,           0.9979180,        -658.6804000,
 17919,           0.9979190,        -658.6814000,
 17920,           0.9979200,        -658.6826000,
 17921,           0.9979210,        -658.6844000,
 17922,           0.9979220,        -658.6868200,
 17923,           0.9979230,        -658.6877400,
 17924,           0.9979240,        -658.6887200,
 17925,           0.9979250,        -658.6908000,
 17926,           0.9979260,        -658.6918300,
 17927,           0.9979270,        -658.6935000,
 17928,           0.9979280,        -658.6949000,
 17929,           0.9979290,        -658.6964100,
 17930,           0.9979300,        -658.6977000,
 17931,           0.9979310,        -658.6992000,
 17932,           0.9979320,        -658.7010400,
 17933,           0.9979330,        -658.7026000,
 17934,           0.9979340,        -658.7038000,
 17935,           0.9979350,        -658.7051000,
 17936,           0.9979360,        -658.7086000,
 17937,           0.9979370,        -658.7105100,
 17938,           0.9979380,        -658.7120000,
 17939,           0.9979390,        -658.7141000,
 17940,           0.9979400,        -658.7154000,
 17941,           0.9979410,        -658.7171000,
 17942,           0.9979420,        -658.7185000,
 17943,           0.9979430,        -658.7207000,
 17944,           0.9979440,        -658.7224000,
 17945,           0.9979450,        -658.7237000,
 17946,           0.9979460,        -658.7255000,
 17947,           0.9979470,        -658.7281400,
 17948,           0.9979480,        -658.7299100,
 17949,           0.9979490,        -658.7315000,
 17950,           0.9979500,        -658.7339400,
 17951,           0.9979510,        -658.7371200,
 17952,           0.9979520,        -658.7388300,
 17953,           0.9979530,        -658.7404100,
 17954,           0.9979540,        -658.7430000,
 17955,           0.9979550,        -658.7448000,
 17956,           0.9979560,        -658.7468200,
 17957,           0.9979570,        -658.7487000,
 17958,           0.9979580,        -658.7516400,
 17959,           0.9979590,        -658.7535400,
 17960,           0.9979600,        -658.7556000,
 17961,           0.9979610,        -658.7581100,
 17962,           0.9979620,        -658.7601000,
 17963,           0.9979630,        -658.7622000,
 17964,           0.9979640,        -658.7642200,
 17965,           0.9979650,        -658.7684000,
 17966,           0.9979660,        -658.7703000,
 17967,           0.9979670,        -658.7725000,
 17968,           0.9979680,        -658.7749000,
 17969,           0.9979690,        -658.7774000,
 17970,           0.9979700,        -658.7802000,
 17971,           0.9979710,        -658.7821000,
 17972,           0.9979720,        -658.7850000,
 17973,           0.9979730,        -658.7875000,
 17974,           0.9979740,        -658.7897000,
 17975,           0.9979750,        -658.7919300,
 17976,           0.9979760,        -658.7950400,
 17977,           0.9979770,        -658.7972000,
 17978,           0.9979780,        -658.7999200,
 17979,           0.9979790,        -658.8021200,
 17980,           0.9979800,        -658.8064000,
 17981,           0.9979810,        -658.8088000,
 17982,           0.9979820,        -658.8114000,
 17983,           0.9979830,        -658.8147000,
 17984,           0.9979840,        -658.8172000,
 17985,           0.9979850,        -658.8198200,
 17986,           0.9979860,        -658.8225000,
 17987,           0.9979870,        -658.8257000,
 17988,           0.9979880,        -658.8286000,
 17989,           0.9979890,        -658.8308100,
 17990,           0.9979900,        -658.8337400,
 17991,           0.9979910,        -658.8372000,
 17992,           0.9979920,        -658.8395000,
 17993,           0.9979930,        -658.8424000,
 17994,           0.9979940,        -658.8453000,
 17995,           0.9979950,        -658.8500000,
 17996,           0.9979960,        -658.8528000,
 17997,           0.9979970,        -658.8558000,
 17998,           0.9979980,        -658.8594000,
 17999,           0.9979990,        -658.8625400,
 18000,           0.9980000,        -658.8653000,
 18001,           0.9980010,        -658.8680400,
 18002,           0.9980020,        -658.8719400,
 18003,           0.9980030,        -658.8748100,
 18004,           0.9980040,        -658.8779000,
 18005,           0.9980050,        -658.8807300,
 18006,           0.9980060,        -658.8843000,
 18007,           0.9980070,        -658.8876000,
 18008,           0.9980080,        -658.8905000,
 18009,           0.9980090,        -658.8946000,
 18010,           0.9980100,        -658.8989200,
 18011,           0.9980110,        -658.9022000,
 18012,           0.9980120,        -658.9051000,
 18013,           0.9980130,        -658.9091000,
 18014,           0.9980140,        -658.9125000,
 18015,           0.9980150,        -658.9158000,
 18016,           0.9980160,        -658.9194300,
 18017,           0.9980170,        -658.9233000,
 18018,           0.9980180,        -658.9268000,
 18019,           0.9980190,        -658.9299000,
 18020,           0.9980200,        -658.9330000,
 18021,           0.9980210,        -658.9375000,
 18022,           0.9980220,        -658.9409100,
 18023,           0.9980230,        -658.9441000,
 18024,           0.9980240,        -658.9476000,
 18025,           0.9980250,        -658.9534000,
 18026,           0.9980260,        -658.9567200,
 18027,           0.9980270,        -658.9606300,
 18028,           0.9980280,        -658.9645300,
 18029,           0.9980290,        -658.9683200,
 18030,           0.9980300,        -658.9717400,
 18031,           0.9980310,        -658.9756000,
 18032,           0.9980320,        -658.9797300,
 18033,           0.9980330,        -658.9835200,
 18034,           0.9980340,        -658.9877000,
 18035,           0.9980350,        -658.9915000,
 18036,           0.9980360,        -658.9959100,
 18037,           0.9980370,        -658.9996300,
 18038,           0.9980380,        -659.0034100,
 18039,           0.9980390,        -659.0074000,
 18040,           0.9980400,        -659.0134000,
 18041,           0.9980410,        -659.0171000,
 18042,           0.9980420,        -659.0211000,
 18043,           0.9980430,        -659.0253200,
 18044,           0.9980440,        -659.0298400,
 18045,           0.9980450,        -659.0339300,
 18046,           0.9980460,        -659.0377100,
 18047,           0.9980470,        -659.0424100,
 18048,           0.9980480,        -659.0466000,
 18049,           0.9980490,        -659.0507000,
 18050,           0.9980500,        -659.0545000,
 18051,           0.9980510,        -659.0595000,
 18052,           0.9980520,        -659.0640200,
 18053,           0.9980530,        -659.0682300,
 18054,           0.9980540,        -659.0725000,
 18055,           0.9980550,        -659.0786100,
 18056,           0.9980560,        -659.0828200,
 18057,           0.9980570,        -659.0872000,
 18058,           0.9980580,        -659.0919000,
 18059,           0.9980590,        -659.0969200,
 18060,           0.9980600,        -659.1012000,
 18061,           0.9980610,        -659.1057000,
 18062,           0.9980620,        -659.1102000,
 18063,           0.9980630,        -659.1154100,
 18064,           0.9980640,        -659.1198000,
 18065,           0.9980650,        -659.1243000,
 18066,           0.9980660,        -659.1289000,
 18067,           0.9980670,        -659.1339100,
 18068,           0.9980680,        -659.1384000,
 18069,           0.9980690,        -659.1431200,
 18070,           0.9980700,        -659.1499000,
 18071,           0.9980710,        -659.1546000,
 18072,           0.9980720,        -659.1593000,
 18073,           0.9980730,        -659.1639000,
 18074,           0.9980740,        -659.1695000,
 18075,           0.9980750,        -659.1743000,
 18076,           0.9980760,        -659.1791300,
 18077,           0.9980770,        -659.1837100,
 18078,           0.9980780,        -659.1895100,
 18079,           0.9980790,        -659.1943300,
 18080,           0.9980800,        -659.1992100,
 18081,           0.9980810,        -659.2042000,
 18082,           0.9980820,        -659.2096000,
 18083,           0.9980830,        -659.2146000,
 18084,           0.9980840,        -659.2197000,
 18085,           0.9980850,        -659.2249000,
 18086,           0.9980860,        -659.2318000,
 18087,           0.9980870,        -659.2368100,
 18088,           0.9980880,        -659.2422400,
 18089,           0.9980890,        -659.2474000,
 18090,           0.9980900,        -659.2532300,
 18091,           0.9980910,        -659.2582000,
 18092,           0.9980920,        -659.2635000,
 18093,           0.9980930,        -659.2686100,
 18094,           0.9980940,        -659.2747100,
 18095,           0.9980950,        -659.2797200,
 18096,           0.9980960,        -659.2852000,
 18097,           0.9980970,        -659.2905200,
 18098,           0.9980980,        -659.2967000,
 18099,           0.9980990,        -659.3022000,
 18100,           0.9981000,        -659.3073100,
 18101,           0.9981010,        -659.3130000,
 18102,           0.9981020,        -659.3207300,
 18103,           0.9981030,        -659.3261100,
 18104,           0.9981040,        -659.3314000,
 18105,           0.9981050,        -659.3372100,
 18106,           0.9981060,        -659.3439000,
 18107,           0.9981070,        -659.3493000,
 18108,           0.9981080,        -659.3552200,
 18109,           0.9981090,        -659.3606000,
 18110,           0.9981100,        -659.3672000,
 18111,           0.9981110,        -659.3729000,
 18112,           0.9981120,        -659.3788000,
 18113,           0.9981130,        -659.3843000,
 18114,           0.9981140,        -659.3907400,
 18115,           0.9981150,        -659.3968000,
 18116,           0.9981160,        -659.4028000,
 18117,           0.9981170,        -659.4107000,
 18118,           0.9981180,        -659.4162000,
 18119,           0.9981190,        -659.4223000,
 18120,           0.9981200,        -659.4285200,
 18121,           0.9981210,        -659.4354200,
 18122,           0.9981220,        -659.4409100,
 18123,           0.9981230,        -659.4470000,
 18124,           0.9981240,        -659.4532000,
 18125,           0.9981250,        -659.4600200,
 18126,           0.9981260,        -659.4659400,
 18127,           0.9981270,        -659.4722000,
 18128,           0.9981280,        -659.4786000,
 18129,           0.9981290,        -659.4855300,
 18130,           0.9981300,        -659.4919400,
 18131,           0.9981310,        -659.4978000,
 18132,           0.9981320,        -659.5042000,
 18133,           0.9981330,        -659.5126000,
 18134,           0.9981340,        -659.5193400,
 18135,           0.9981350,        -659.5250000,
 18136,           0.9981360,        -659.5319000,
 18137,           0.9981370,        -659.5386000,
 18138,           0.9981380,        -659.5453400,
 18139,           0.9981390,        -659.5519400,
 18140,           0.9981400,        -659.5577300,
 18141,           0.9981410,        -659.5649400,
 18142,           0.9981420,        -659.5718000,
 18143,           0.9981430,        -659.5785000,
 18144,           0.9981440,        -659.5848000,
 18145,           0.9981450,        -659.5924000,
 18146,           0.9981460,        -659.5992400,
 18147,           0.9981470,        -659.6062000,
 18148,           0.9981480,        -659.6129100,
 18149,           0.9981490,        -659.6205400,
 18150,           0.9981500,        -659.6282000,
 18151,           0.9981510,        -659.6349400,
 18152,           0.9981520,        -659.6420200,
 18153,           0.9981530,        -659.6487000,
 18154,           0.9981540,        -659.6566000,
 18155,           0.9981550,        -659.6633300,
 18156,           0.9981560,        -659.6704100,
 18157,           0.9981570,        -659.6775000,
 18158,           0.9981580,        -659.6848100,
 18159,           0.9981590,        -659.6920000,
 18160,           0.9981600,        -659.6994000,
 18161,           0.9981610,        -659.7065000,
 18162,           0.9981620,        -659.7139000,
 18163,           0.9981630,        -659.7215000,
 18164,           0.9981640,        -659.7286300,
 18165,           0.9981650,        -659.7373000,
 18166,           0.9981660,        -659.7452300,
 18167,           0.9981670,        -659.7521300,
 18168,           0.9981680,        -659.7594000,
 18169,           0.9981690,        -659.7670000,
 18170,           0.9981700,        -659.7754000,
 18171,           0.9981710,        -659.7824000,
 18172,           0.9981720,        -659.7901000,
 18173,           0.9981730,        -659.7974000,
 18174,           0.9981740,        -659.8057000,
 18175,           0.9981750,        -659.8130000,
 18176,           0.9981760,        -659.8205000,
 18177,           0.9981770,        -659.8283000,
 18178,           0.9981780,        -659.8367000,
 18179,           0.9981790,        -659.8443000,
 18180,           0.9981800,        -659.8517400,
 18181,           0.9981810,        -659.8596000,
 18182,           0.9981820,        -659.8693200,
 18183,           0.9981830,        -659.8773000,
 18184,           0.9981840,        -659.8849000,
 18185,           0.9981850,        -659.8921000,
 18186,           0.9981860,        -659.9005000,
 18187,           0.9981870,        -659.9087000,
 18188,           0.9981880,        -659.9167400,
 18189,           0.9981890,        -659.9244300,
 18190,           0.9981900,        -659.9330000,
 18191,           0.9981910,        -659.9410000,
 18192,           0.9981920,        -659.9490000,
 18193,           0.9981930,        -659.9573300,
 18194,           0.9981940,        -659.9659000,
 18195,           0.9981950,        -659.9741200,
 18196,           0.9981960,        -659.9821100,
 18197,           0.9981970,        -659.9903000,
 18198,           0.9981980,        -659.9997000,
 18199,           0.9981990,        -660.0087000,
 18200,           0.9982000,        -660.0170200,
 18201,           0.9982010,        -660.0255000,
 18202,           0.9982020,        -660.0337000,
 18203,           0.9982030,        -660.0424100,
 18204,           0.9982040,        -660.0511000,
 18205,           0.9982050,        -660.0597000,
 18206,           0.9982060,        -660.0678100,
 18207,           0.9982070,        -660.0770000,
 18208,           0.9982080,        -660.0853000,
 18209,           0.9982090,        -660.0942000,
 18210,           0.9982100,        -660.1028400,
 18211,           0.9982110,        -660.1116300,
 18212,           0.9982120,        -660.1200000,
 18213,           0.9982130,        -660.1287200,
 18214,           0.9982140,        -660.1377000,
 18215,           0.9982150,        -660.1483100,
 18216,           0.9982160,        -660.1566100,
 18217,           0.9982170,        -660.1656000,
 18218,           0.9982180,        -660.1744000,
 18219,           0.9982190,        -660.1841400,
 18220,           0.9982200,        -660.1931100,
 18221,           0.9982210,        -660.2018000,
 18222,           0.9982220,        -660.2105100,
 18223,           0.9982230,        -660.2197000,
 18224,           0.9982240,        -660.2294300,
 18225,           0.9982250,        -660.2382000,
 18226,           0.9982260,        -660.2474000,
 18227,           0.9982270,        -660.2565300,
 18228,           0.9982280,        -660.2665000,
 18229,           0.9982290,        -660.2756300,
 18230,           0.9982300,        -660.2841000,
 18231,           0.9982310,        -660.2932000,
 18232,           0.9982320,        -660.3049300,
 18233,           0.9982330,        -660.3141400,
 18234,           0.9982340,        -660.3228000,
 18235,           0.9982350,        -660.3324000,
 18236,           0.9982360,        -660.3425000,
 18237,           0.9982370,        -660.3521100,
 18238,           0.9982380,        -660.3615000,
 18239,           0.9982390,        -660.3708000,
 18240,           0.9982400,        -660.3801200,
 18241,           0.9982410,        -660.3904000,
 18242,           0.9982420,        -660.4004000,
 18243,           0.9982430,        -660.4094200,
 18244,           0.9982440,        -660.4191200,
 18245,           0.9982450,        -660.4294000,
 18246,           0.9982460,        -660.4392000,
 18247,           0.9982470,        -660.4487300,
 18248,           0.9982480,        -660.4594100,
 18249,           0.9982490,        -660.4699000,
 18250,           0.9982500,        -660.4800000,
 18251,           0.9982510,        -660.4898000,
 18252,           0.9982520,        -660.4992000,
 18253,           0.9982530,        -660.5099000,
 18254,           0.9982540,        -660.5200000,
 18255,           0.9982550,        -660.5301000,
 18256,           0.9982560,        -660.5402000,
 18257,           0.9982570,        -660.5497000,
 18258,           0.9982580,        -660.5605000,
 18259,           0.9982590,        -660.5707000,
 18260,           0.9982600,        -660.5809300,
 18261,           0.9982610,        -660.5900200,
 18262,           0.9982620,        -660.6012000,
 18263,           0.9982630,        -660.6116300,
 18264,           0.9982640,        -660.6219400,
 18265,           0.9982650,        -660.6323200,
 18266,           0.9982660,        -660.6442000,
 18267,           0.9982670,        -660.6547000,
 18268,           0.9982680,        -660.6650300,
 18269,           0.9982690,        -660.6756000,
 18270,           0.9982700,        -660.6855000,
 18271,           0.9982710,        -660.6970000,
 18272,           0.9982720,        -660.7076000,
 18273,           0.9982730,        -660.7182000,
 18274,           0.9982740,        -660.7287000,
 18275,           0.9982750,        -660.7394000,
 18276,           0.9982760,        -660.7502400,
 18277,           0.9982770,        -660.7608000,
 18278,           0.9982780,        -660.7717200,
 18279,           0.9982790,        -660.7826000,
 18280,           0.9982800,        -660.7934000,
 18281,           0.9982810,        -660.8044000,
 18282,           0.9982820,        -660.8156000,
 18283,           0.9982830,        -660.8283000,
 18284,           0.9982840,        -660.8389000,
 18285,           0.9982850,        -660.8500300,
 18286,           0.9982860,        -660.8604100,
 18287,           0.9982870,        -660.8719400,
 18288,           0.9982880,        -660.8830000,
 18289,           0.9982890,        -660.8942200,
 18290,           0.9982900,        -660.9056000,
 18291,           0.9982910,        -660.9166200,
 18292,           0.9982920,        -660.9284000,
 18293,           0.9982930,        -660.9391000,
 18294,           0.9982940,        -660.9507400,
 18295,           0.9982950,        -660.9620300,
 18296,           0.9982960,        -660.9731400,
 18297,           0.9982970,        -660.9845000,
 18298,           0.9982980,        -660.9959100,
 18299,           0.9982990,        -661.0078100,
 18300,           0.9983000,        -661.0206000,
 18301,           0.9983010,        -661.0326000,
 18302,           0.9983020,        -661.0436400,
 18303,           0.9983030,        -661.0555400,
 18304,           0.9983040,        -661.0669000,
 18305,           0.9983050,        -661.0797100,
 18306,           0.9983060,        -661.0903300,
 18307,           0.9983070,        -661.1022000,
 18308,           0.9983080,        -661.1139000,
 18309,           0.9983090,        -661.1257000,
 18310,           0.9983100,        -661.1382400,
 18311,           0.9983110,        -661.1494000,
 18312,           0.9983120,        -661.1614300,
 18313,           0.9983130,        -661.1735200,
 18314,           0.9983140,        -661.1863000,
 18315,           0.9983150,        -661.1976000,
 18316,           0.9983160,        -661.2097100,
 18317,           0.9983170,        -661.2218000,
 18318,           0.9983180,        -661.2351000,
 18319,           0.9983190,        -661.2471000,
 18320,           0.9983200,        -661.2595000,
 18321,           0.9983210,        -661.2715400,
 18322,           0.9983220,        -661.2839300,
 18323,           0.9983230,        -661.2972000,
 18324,           0.9983240,        -661.3086000,
 18325,           0.9983250,        -661.3212200,
 18326,           0.9983260,        -661.3336000,
 18327,           0.9983270,        -661.3459000,
 18328,           0.9983280,        -661.3582100,
 18329,           0.9983290,        -661.3711000,
 18330,           0.9983300,        -661.3833000,
 18331,           0.9983310,        -661.3962400,
 18332,           0.9983320,        -661.4093000,
 18333,           0.9983330,        -661.4213200,
 18334,           0.9983340,        -661.4339000,
 18335,           0.9983350,        -661.4469000,
 18336,           0.9983360,        -661.4605100,
 18337,           0.9983370,        -661.4734400,
 18338,           0.9983380,        -661.4863200,
 18339,           0.9983390,        -661.4994000,
 18340,           0.9983400,        -661.5122000,
 18341,           0.9983410,        -661.5259300,
 18342,           0.9983420,        -661.5381000,
 18343,           0.9983430,        -661.5510000,
 18344,           0.9983440,        -661.5643300,
 18345,           0.9983450,        -661.5770000,
 18346,           0.9983460,        -661.5900200,
 18347,           0.9983470,        -661.6031400,
 18348,           0.9983480,        -661.6163000,
 18349,           0.9983490,        -661.6298000,
 18350,           0.9983500,        -661.6436100,
 18351,           0.9983510,        -661.6563100,
 18352,           0.9983520,        -661.6694300,
 18353,           0.9983530,        -661.6827300,
 18354,           0.9983540,        -661.6973000,
 18355,           0.9983550,        -661.7111000,
 18356,           0.9983560,        -661.7245000,
 18357,           0.9983570,        -661.7382200,
 18358,           0.9983580,        -661.7515000,
 18359,           0.9983590,        -661.7661000,
 18360,           0.9983600,        -661.7787000,
 18361,           0.9983610,        -661.7919000,
 18362,           0.9983620,        -661.8056000,
 18363,           0.9983630,        -661.8194000,
 18364,           0.9983640,        -661.8333100,
 18365,           0.9983650,        -661.8470400,
 18366,           0.9983660,        -661.8612000,
 18367,           0.9983670,        -661.8748100,
 18368,           0.9983680,        -661.8895200,
 18369,           0.9983690,        -661.9024000,
 18370,           0.9983700,        -661.9167000,
 18371,           0.9983710,        -661.9304000,
 18372,           0.9983720,        -661.9459200,
 18373,           0.9983730,        -661.9599000,
 18374,           0.9983740,        -661.9740000,
 18375,           0.9983750,        -661.9884000,
 18376,           0.9983760,        -662.0023000,
 18377,           0.9983770,        -662.0172000,
 18378,           0.9983780,        -662.0308000,
 18379,           0.9983790,        -662.0450000,
 18380,           0.9983800,        -662.0598000,
 18381,           0.9983810,        -662.0740000,
 18382,           0.9983820,        -662.0882000,
 18383,           0.9983830,        -662.1027000,
 18384,           0.9983840,        -662.1169400,
 18385,           0.9983850,        -662.1313000,
 18386,           0.9983860,        -662.1459300,
 18387,           0.9983870,        -662.1608000,
 18388,           0.9983880,        -662.1755000,
 18389,           0.9983890,        -662.1899400,
 18390,           0.9983900,        -662.2062000,
 18391,           0.9983910,        -662.2205200,
 18392,           0.9983920,        -662.2355000,
 18393,           0.9983930,        -662.2503000,
 18394,           0.9983940,        -662.2653100,
 18395,           0.9983950,        -662.2803000,
 18396,           0.9983960,        -662.2951000,
 18397,           0.9983970,        -662.3100000,
 18398,           0.9983980,        -662.3248200,
 18399,           0.9983990,        -662.3397000,
 18400,           0.9984000,        -662.3542000,
 18401,           0.9984010,        -662.3698100,
 18402,           0.9984020,        -662.3853000,
 18403,           0.9984030,        -662.4005100,
 18404,           0.9984040,        -662.4156400,
 18405,           0.9984050,        -662.4306000,
 18406,           0.9984060,        -662.4459000,
 18407,           0.9984070,        -662.4612400,
 18408,           0.9984080,        -662.4771000,
 18409,           0.9984090,        -662.4929100,
 18410,           0.9984100,        -662.5091000,
 18411,           0.9984110,        -662.5241000,
 18412,           0.9984120,        -662.5398000,
 18413,           0.9984130,        -662.5554100,
 18414,           0.9984140,        -662.5704300,
 18415,           0.9984150,        -662.5868000,
 18416,           0.9984160,        -662.6025000,
 18417,           0.9984170,        -662.6185300,
 18418,           0.9984180,        -662.6328100,
 18419,           0.9984190,        -662.6495300,
 18420,           0.9984200,        -662.6652000,
 18421,           0.9984210,        -662.6812000,
 18422,           0.9984220,        -662.6973000,
 18423,           0.9984230,        -662.7125200,
 18424,           0.9984240,        -662.7286300,
 18425,           0.9984250,        -662.7451000,
 18426,           0.9984260,        -662.7612300,
 18427,           0.9984270,        -662.7763000,
 18428,           0.9984280,        -662.7943100,
 18429,           0.9984290,        -662.8109100,
 18430,           0.9984300,        -662.8268400,
 18431,           0.9984310,        -662.8435000,
 18432,           0.9984320,        -662.8589000,
 18433,           0.9984330,        -662.8751200,
 18434,           0.9984340,        -662.8921000,
 18435,           0.9984350,        -662.9089000,
 18436,           0.9984360,        -662.9241000,
 18437,           0.9984370,        -662.9406100,
 18438,           0.9984380,        -662.9581200,
 18439,           0.9984390,        -662.9746000,
 18440,           0.9984400,        -662.9915100,
 18441,           0.9984410,        -663.0073200,
 18442,           0.9984420,        -663.0237000,
 18443,           0.9984430,        -663.0411000,
 18444,           0.9984440,        -663.0582200,
 18445,           0.9984450,        -663.0741000,
 18446,           0.9984460,        -663.0910000,
 18447,           0.9984470,        -663.1092000,
 18448,           0.9984480,        -663.1270000,
 18449,           0.9984490,        -663.1439000,
 18450,           0.9984500,        -663.1600000,
 18451,           0.9984510,        -663.1772000,
 18452,           0.9984520,        -663.1945000,
 18453,           0.9984530,        -663.2123400,
 18454,           0.9984540,        -663.2281000,
 18455,           0.9984550,        -663.2454000,
 18456,           0.9984560,        -663.2628100,
 18457,           0.9984570,        -663.2803000,
 18458,           0.9984580,        -663.2985000,
 18459,           0.9984590,        -663.3149000,
 18460,           0.9984600,        -663.3321000,
 18461,           0.9984610,        -663.3497000,
 18462,           0.9984620,        -663.3680400,
 18463,           0.9984630,        -663.3845000,
 18464,           0.9984640,        -663.4025000,
 18465,           0.9984650,        -663.4196100,
 18466,           0.9984660,        -663.4389000,
 18467,           0.9984670,        -663.4575100,
 18468,           0.9984680,        -663.4744200,
 18469,           0.9984690,        -663.4923000,
 18470,           0.9984700,        -663.5098000,
 18471,           0.9984710,        -663.5279000,
 18472,           0.9984720,        -663.5454100,
 18473,           0.9984730,        -663.5637200,
 18474,           0.9984740,        -663.5816000,
 18475,           0.9984750,        -663.5997000,
 18476,           0.9984760,        -663.6175000,
 18477,           0.9984770,        -663.6354300,
 18478,           0.9984780,        -663.6538000,
 18479,           0.9984790,        -663.6722400,
 18480,           0.9984800,        -663.6906000,
 18481,           0.9984810,        -663.7075000,
 18482,           0.9984820,        -663.7265000,
 18483,           0.9984830,        -663.7452300,
 18484,           0.9984840,        -663.7635400,
 18485,           0.9984850,        -663.7822000,
 18486,           0.9984860,        -663.8007000,
 18487,           0.9984870,        -663.8201000,
 18488,           0.9984880,        -663.8387400,
 18489,           0.9984890,        -663.8577200,
 18490,           0.9984900,        -663.8751000,
 18491,           0.9984910,        -663.8941000,
 18492,           0.9984920,        -663.9135000,
 18493,           0.9984930,        -663.9324000,
 18494,           0.9984940,        -663.9510000,
 18495,           0.9984950,        -663.9689300,
 18496,           0.9984960,        -663.9881000,
 18497,           0.9984970,        -664.0075000,
 18498,           0.9984980,        -664.0267000,
 18499,           0.9984990,        -664.0448000,
 18500,           0.9985000,        -664.0640200,
 18501,           0.9985010,        -664.0833000,
 18502,           0.9985020,        -664.1029000,
 18503,           0.9985030,        -664.1224000,
 18504,           0.9985040,        -664.1408000,
 18505,           0.9985050,        -664.1615000,
 18506,           0.9985060,        -664.1810000,
 18507,           0.9985070,        -664.2007000,
 18508,           0.9985080,        -664.2192300,
 18509,           0.9985090,        -664.2390000,
 18510,           0.9985100,        -664.2585000,
 18511,           0.9985110,        -664.2784000,
 18512,           0.9985120,        -664.2982100,
 18513,           0.9985130,        -664.3171300,
 18514,           0.9985140,        -664.3369000,
 18515,           0.9985150,        -664.3568100,
 18516,           0.9985160,        -664.3765000,
 18517,           0.9985170,        -664.3956200,
 18518,           0.9985180,        -664.4159000,
 18519,           0.9985190,        -664.4357200,
 18520,           0.9985200,        -664.4559000,
 18521,           0.9985210,        -664.4745400,
 18522,           0.9985220,        -664.4958400,
 18523,           0.9985230,        -664.5157400,
 18524,           0.9985240,        -664.5360100,
 18525,           0.9985250,        -664.5578000,
 18526,           0.9985260,        -664.5768000,
 18527,           0.9985270,        -664.5976000,
 18528,           0.9985280,        -664.6182200,
 18529,           0.9985290,        -664.6387300,
 18530,           0.9985300,        -664.6577100,
 18531,           0.9985310,        -664.6785200,
 18532,           0.9985320,        -664.6996400,
 18533,           0.9985330,        -664.7204000,
 18534,           0.9985340,        -664.7412100,
 18535,           0.9985350,        -664.7604300,
 18536,           0.9985360,        -664.7811200,
 18537,           0.9985370,        -664.8028000,
 18538,           0.9985380,        -664.8234000,
 18539,           0.9985390,        -664.8434000,
 18540,           0.9985400,        -664.8640000,
 18541,           0.9985410,        -664.8851000,
 18542,           0.9985420,        -664.9069200,
 18543,           0.9985430,        -664.9282000,
 18544,           0.9985440,        -664.9477000,
 18545,           0.9985450,        -664.9691000,
 18546,           0.9985460,        -664.9916300,
 18547,           0.9985470,        -665.0137000,
 18548,           0.9985480,        -665.0334400,
 18549,           0.9985490,        -665.0549000,
 18550,           0.9985500,        -665.0765000,
 18551,           0.9985510,        -665.0978000,
 18552,           0.9985520,        -665.1193000,
 18553,           0.9985530,        -665.1400100,
 18554,           0.9985540,        -665.1616200,
 18555,           0.9985550,        -665.1837100,
 18556,           0.9985560,        -665.2052000,
 18557,           0.9985570,        -665.2256000,
 18558,           0.9985580,        -665.2479200,
 18559,           0.9985590,        -665.2700000,
 18560,           0.9985600,        -665.2918000,
 18561,           0.9985610,        -665.3138000,
 18562,           0.9985620,        -665.3344000,
 18563,           0.9985630,        -665.3571000,
 18564,           0.9985640,        -665.3790200,
 18565,           0.9985650,        -665.4012400,
 18566,           0.9985660,        -665.4219300,
 18567,           0.9985670,        -665.4456000,
 18568,           0.9985680,        -665.4686000,
 18569,           0.9985690,        -665.4908400,
 18570,           0.9985700,        -665.5129300,
 18571,           0.9985710,        -665.5341100,
 18572,           0.9985720,        -665.5568000,
 18573,           0.9985730,        -665.5801300,
 18574,           0.9985740,        -665.6020000,
 18575,           0.9985750,        -665.6234000,
 18576,           0.9985760,        -665.6462000,
 18577,           0.9985770,        -665.6689400,
 18578,           0.9985780,        -665.6918000,
 18579,           0.9985790,        -665.7148000,
 18580,           0.9985800,        -665.7367000,
 18581,           0.9985810,        -665.7595000,
 18582,           0.9985820,        -665.7825000,
 18583,           0.9985830,        -665.8052300,
 18584,           0.9985840,        -665.8277000,
 18585,           0.9985850,        -665.8507000,
 18586,           0.9985860,        -665.8741400,
 18587,           0.9985870,        -665.8984000,
 18588,           0.9985880,        -665.9215000,
 18589,           0.9985890,        -665.9441000,
 18590,           0.9985900,        -665.9675200,
 18591,           0.9985910,        -665.9905300,
 18592,           0.9985920,        -666.0143400,
 18593,           0.9985930,        -666.0364300,
 18594,           0.9985940,        -666.0605400,
 18595,           0.9985950,        -666.0839200,
 18596,           0.9985960,        -666.1078400,
 18597,           0.9985970,        -666.1313400,
 18598,           0.9985980,        -666.1540000,
 18599,           0.9985990,        -666.1774000,
 18600,           0.9986000,        -666.2018000,
 18601,           0.9986010,        -666.2260000,
 18602,           0.9986020,        -666.2484100,
 18603,           0.9986030,        -666.2723300,
 18604,           0.9986040,        -666.2960200,
 18605,           0.9986050,        -666.3209200,
 18606,           0.9986060,        -666.3452100,
 18607,           0.9986070,        -666.3677000,
 18608,           0.9986080,        -666.3922000,
 18609,           0.9986090,        -666.4178400,
 18610,           0.9986100,        -666.4426000,
 18611,           0.9986110,        -666.4656000,
 18612,           0.9986120,        -666.4897000,
 18613,           0.9986130,        -666.5143000,
 18614,           0.9986140,        -666.5385000,
 18615,           0.9986150,        -666.5633000,
 18616,           0.9986160,        -666.5874000,
 18617,           0.9986170,        -666.6121000,
 18618,           0.9986180,        -666.6365300,
 18619,           0.9986190,        -666.6613100,
 18620,           0.9986200,        -666.6848000,
 18621,           0.9986210,        -666.7104400,
 18622,           0.9986220,        -666.7352200,
 18623,           0.9986230,        -666.7603100,
 18624,           0.9986240,        -666.7852100,
 18625,           0.9986250,        -666.8087100,
 18626,           0.9986260,        -666.8339000,
 18627,           0.9986270,        -666.8597400,
 18628,           0.9986280,        -666.8853000,
 18629,           0.9986290,        -666.9089300,
 18630,           0.9986300,        -666.9354200,
 18631,           0.9986310,        -666.9609000,
 18632,           0.9986320,        -666.9869000,
 18633,           0.9986330,        -667.0125100,
 18634,           0.9986340,        -667.0364300,
 18635,           0.9986350,        -667.0620000,
 18636,           0.9986360,        -667.0878200,
 18637,           0.9986370,        -667.1132000,
 18638,           0.9986380,        -667.1383000,
 18639,           0.9986390,        -667.1643000,
 18640,           0.9986400,        -667.1901000,
 18641,           0.9986410,        -667.2158000,
 18642,           0.9986420,        -667.2418200,
 18643,           0.9986430,        -667.2670200,
 18644,           0.9986440,        -667.2925400,
 18645,           0.9986450,        -667.3192100,
 18646,           0.9986460,        -667.3453000,
 18647,           0.9986470,        -667.3702000,
 18648,           0.9986480,        -667.3962400,
 18649,           0.9986490,        -667.4232100,
 18650,           0.9986500,        -667.4498200,
 18651,           0.9986510,        -667.4763100,
 18652,           0.9986520,        -667.5023000,
 18653,           0.9986530,        -667.5291100,
 18654,           0.9986540,        -667.5563300,
 18655,           0.9986550,        -667.5826400,
 18656,           0.9986560,        -667.6079100,
 18657,           0.9986570,        -667.6346400,
 18658,           0.9986580,        -667.6612000,
 18659,           0.9986590,        -667.6884100,
 18660,           0.9986600,        -667.7161000,
 18661,           0.9986610,        -667.7417000,
 18662,           0.9986620,        -667.7684300,
 18663,           0.9986630,        -667.7957100,
 18664,           0.9986640,        -667.8224400,
 18665,           0.9986650,        -667.8489300,
 18666,           0.9986660,        -667.8761000,
 18667,           0.9986670,        -667.9036200,
 18668,           0.9986680,        -667.9312100,
 18669,           0.9986690,        -667.9581200,
 18670,           0.9986700,        -667.9841000,
 18671,           0.9986710,        -668.0126000,
 18672,           0.9986720,        -668.0397000,
 18673,           0.9986730,        -668.0675000,
 18674,           0.9986740,        -668.0936200,
 18675,           0.9986750,        -668.1228000,
 18676,           0.9986760,        -668.1512000,
 18677,           0.9986770,        -668.1788300,
 18678,           0.9986780,        -668.2072000,
 18679,           0.9986790,        -668.2332100,
 18680,           0.9986800,        -668.2611000,
 18681,           0.9986810,        -668.2896100,
 18682,           0.9986820,        -668.3182300,
 18683,           0.9986830,        -668.3448400,
 18684,           0.9986840,        -668.3730000,
 18685,           0.9986850,        -668.4013000,
 18686,           0.9986860,        -668.4297400,
 18687,           0.9986870,        -668.4582000,
 18688,           0.9986880,        -668.4858000,
 18689,           0.9986890,        -668.5139000,
 18690,           0.9986900,        -668.5427000,
 18691,           0.9986910,        -668.5715300,
 18692,           0.9986920,        -668.5984400,
 18693,           0.9986930,        -668.6274000,
 18694,           0.9986940,        -668.6567300,
 18695,           0.9986950,        -668.6857000,
 18696,           0.9986960,        -668.7145300,
 18697,           0.9986970,        -668.7430400,
 18698,           0.9986980,        -668.7723000,
 18699,           0.9986990,        -668.8019000,
 18700,           0.9987000,        -668.8314000,
 18701,           0.9987010,        -668.8588000,
 18702,           0.9987020,        -668.8876000,
 18703,           0.9987030,        -668.9172300,
 18704,           0.9987040,        -668.9468000,
 18705,           0.9987050,        -668.9771000,
 18706,           0.9987060,        -669.0046000,
 18707,           0.9987070,        -669.0342000,
 18708,           0.9987080,        -669.0638000,
 18709,           0.9987090,        -669.0933200,
 18710,           0.9987100,        -669.1212100,
 18711,           0.9987110,        -669.1520000,
 18712,           0.9987120,        -669.1816000,
 18713,           0.9987130,        -669.2114000,
 18714,           0.9987140,        -669.2415100,
 18715,           0.9987150,        -669.2698000,
 18716,           0.9987160,        -669.3007000,
 18717,           0.9987170,        -669.3307400,
 18718,           0.9987180,        -669.3613000,
 18719,           0.9987190,        -669.3896000,
 18720,           0.9987200,        -669.4213200,
 18721,           0.9987210,        -669.4516000,
 18722,           0.9987220,        -669.4828000,
 18723,           0.9987230,        -669.5114100,
 18724,           0.9987240,        -669.5420000,
 18725,           0.9987250,        -669.5726000,
 18726,           0.9987260,        -669.6034000,
 18727,           0.9987270,        -669.6342100,
 18728,           0.9987280,        -669.6637000,
 18729,           0.9987290,        -669.6946000,
 18730,           0.9987300,        -669.7258000,
 18731,           0.9987310,        -669.7566000,
 18732,           0.9987320,        -669.7858000,
 18733,           0.9987330,        -669.8173200,
 18734,           0.9987340,        -669.8486300,
 18735,           0.9987350,        -669.8801000,
 18736,           0.9987360,        -669.9114300,
 18737,           0.9987370,        -669.9406000,
 18738,           0.9987380,        -669.9722200,
 18739,           0.9987390,        -670.0038000,
 18740,           0.9987400,        -670.0358200,
 18741,           0.9987410,        -670.0657300,
 18742,           0.9987420,        -670.0977100,
 18743,           0.9987430,        -670.1290000,
 18744,           0.9987440,        -670.1620400,
 18745,           0.9987450,        -670.1944000,
 18746,           0.9987460,        -670.2248000,
 18747,           0.9987470,        -670.2570100,
 18748,           0.9987480,        -670.2890000,
 18749,           0.9987490,        -670.3207300,
 18750,           0.9987500,        -670.3511000,
 18751,           0.9987510,        -670.3836000,
 18752,           0.9987520,        -670.4163200,
 18753,           0.9987530,        -670.4491000,
 18754,           0.9987540,        -670.4814400,
 18755,           0.9987550,        -670.5117000,
 18756,           0.9987560,        -670.5444000,
 18757,           0.9987570,        -670.5770000,
 18758,           0.9987580,        -670.6102200,
 18759,           0.9987590,        -670.6412000,
 18760,           0.9987600,        -670.6743000,
 18761,           0.9987610,        -670.7065400,
 18762,           0.9987620,        -670.7396000,
 18763,           0.9987630,        -670.7726000,
 18764,           0.9987640,        -670.8044000,
 18765,           0.9987650,        -670.8373400,
 18766,           0.9987660,        -670.8710000,
 18767,           0.9987670,        -670.9042000,
 18768,           0.9987680,        -670.9368200,
 18769,           0.9987690,        -670.9701000,
 18770,           0.9987700,        -671.0041000,
 18771,           0.9987710,        -671.0377100,
 18772,           0.9987720,        -671.0714100,
 18773,           0.9987730,        -671.1026000,
 18774,           0.9987740,        -671.1367100,
 18775,           0.9987750,        -671.1704100,
 18776,           0.9987760,        -671.2047000,
 18777,           0.9987770,        -671.2368100,
 18778,           0.9987780,        -671.2708100,
 18779,           0.9987790,        -671.3046200,
 18780,           0.9987800,        -671.3387000,
 18781,           0.9987810,        -671.3732000,
 18782,           0.9987820,        -671.4058000,
 18783,           0.9987830,        -671.4399400,
 18784,           0.9987840,        -671.4747000,
 18785,           0.9987850,        -671.5088000,
 18786,           0.9987860,        -671.5417000,
 18787,           0.9987870,        -671.5757000,
 18788,           0.9987880,        -671.6115000,
 18789,           0.9987890,        -671.6460000,
 18790,           0.9987900,        -671.6804000,
 18791,           0.9987910,        -671.7135000,
 18792,           0.9987920,        -671.7497000,
 18793,           0.9987930,        -671.7846000,
 18794,           0.9987940,        -671.8201000,
 18795,           0.9987950,        -671.8535000,
 18796,           0.9987960,        -671.8882000,
 18797,           0.9987970,        -671.9238000,
 18798,           0.9987980,        -671.9592000,
 18799,           0.9987990,        -671.9943000,
 18800,           0.9988000,        -672.0278000,
 18801,           0.9988010,        -672.0635000,
 18802,           0.9988020,        -672.0993000,
 18803,           0.9988030,        -672.1353000,
 18804,           0.9988040,        -672.1685000,
 18805,           0.9988050,        -672.2041000,
 18806,           0.9988060,        -672.2402300,
 18807,           0.9988070,        -672.2769100,
 18808,           0.9988080,        -672.3127400,
 18809,           0.9988090,        -672.3468000,
 18810,           0.9988100,        -672.3826000,
 18811,           0.9988110,        -672.4188200,
 18812,           0.9988120,        -672.4554000,
 18813,           0.9988130,        -672.4901000,
 18814,           0.9988140,        -672.5264000,
 18815,           0.9988150,        -672.5627400,
 18816,           0.9988160,        -672.5994200,
 18817,           0.9988170,        -672.6376000,
 18818,           0.9988180,        -672.6716000,
 18819,           0.9988190,        -672.7094100,
 18820,           0.9988200,        -672.7461000,
 18821,           0.9988210,        -672.7828000,
 18822,           0.9988220,        -672.8178100,
 18823,           0.9988230,        -672.8547000,
 18824,           0.9988240,        -672.8917000,
 18825,           0.9988250,        -672.9290000,
 18826,           0.9988260,        -672.9666000,
 18827,           0.9988270,        -673.0021300,
 18828,           0.9988280,        -673.0391000,
 18829,           0.9988290,        -673.0767200,
 18830,           0.9988300,        -673.1142000,
 18831,           0.9988310,        -673.1494100,
 18832,           0.9988320,        -673.1879000,
 18833,           0.9988330,        -673.2258300,
 18834,           0.9988340,        -673.2632000,
 18835,           0.9988350,        -673.3016300,
 18836,           0.9988360,        -673.3371000,
 18837,           0.9988370,        -673.3748100,
 18838,           0.9988380,        -673.4133300,
 18839,           0.9988390,        -673.4516000,
 18840,           0.9988400,        -673.4880300,
 18841,           0.9988410,        -673.5262400,
 18842,           0.9988420,        -673.5657300,
 18843,           0.9988430,        -673.6042000,
 18844,           0.9988440,        -673.6433100,
 18845,           0.9988450,        -673.6798000,
 18846,           0.9988460,        -673.7184000,
 18847,           0.9988470,        -673.7571000,
 18848,           0.9988480,        -673.7964000,
 18849,           0.9988490,        -673.8328200,
 18850,           0.9988500,        -673.8715200,
 18851,           0.9988510,        -673.9115000,
 18852,           0.9988520,        -673.9503000,
 18853,           0.9988530,        -673.9894400,
 18854,           0.9988540,        -674.0268000,
 18855,           0.9988550,        -674.0657300,
 18856,           0.9988560,        -674.1055200,
 18857,           0.9988570,        -674.1448000,
 18858,           0.9988580,        -674.1828000,
 18859,           0.9988590,        -674.2225300,
 18860,           0.9988600,        -674.2621000,
 18861,           0.9988610,        -674.3018000,
 18862,           0.9988620,        -674.3417300,
 18863,           0.9988630,        -674.3792000,
 18864,           0.9988640,        -674.4193000,
 18865,           0.9988650,        -674.4600000,
 18866,           0.9988660,        -674.5001200,
 18867,           0.9988670,        -674.5381400,
 18868,           0.9988680,        -674.5800000,
 18869,           0.9988690,        -674.6202300,
 18870,           0.9988700,        -674.6605200,
 18871,           0.9988710,        -674.7018000,
 18872,           0.9988720,        -674.7401000,
 18873,           0.9988730,        -674.7804000,
 18874,           0.9988740,        -674.8214000,
 18875,           0.9988750,        -674.8622000,
 18876,           0.9988760,        -674.9008000,
 18877,           0.9988770,        -674.9419000,
 18878,           0.9988780,        -674.9836000,
 18879,           0.9988790,        -675.0248000,
 18880,           0.9988800,        -675.0657300,
 18881,           0.9988810,        -675.1047300,
 18882,           0.9988820,        -675.1464000,
 18883,           0.9988830,        -675.1876000,
 18884,           0.9988840,        -675.2300000,
 18885,           0.9988850,        -675.2689200,
 18886,           0.9988860,        -675.3107200,
 18887,           0.9988870,        -675.3527000,
 18888,           0.9988880,        -675.3942200,
 18889,           0.9988890,        -675.4366400,
 18890,           0.9988900,        -675.4759000,
 18891,           0.9988910,        -675.5190000,
 18892,           0.9988920,        -675.5610300,
 18893,           0.9988930,        -675.6031000,
 18894,           0.9988940,        -675.6429000,
 18895,           0.9988950,        -675.6865000,
 18896,           0.9988960,        -675.7293000,
 18897,           0.9988970,        -675.7722000,
 18898,           0.9988980,        -675.8152000,
 18899,           0.9988990,        -675.8556000,
 18900,           0.9989000,        -675.8983000,
 18901,           0.9989010,        -675.9414000,
 18902,           0.9989020,        -675.9842000,
 18903,           0.9989030,        -676.0249000,
 18904,           0.9989040,        -676.0679300,
 18905,           0.9989050,        -676.1119000,
 18906,           0.9989060,        -676.1553000,
 18907,           0.9989070,        -676.1984000,
 18908,           0.9989080,        -676.2392000,
 18909,           0.9989090,        -676.2830200,
 18910,           0.9989100,        -676.3265000,
 18911,           0.9989110,        -676.3708400,
 18912,           0.9989120,        -676.4120400,
 18913,           0.9989130,        -676.4561100,
 18914,           0.9989140,        -676.4997000,
 18915,           0.9989150,        -676.5441000,
 18916,           0.9989160,        -676.5858100,
 18917,           0.9989170,        -676.6297000,
 18918,           0.9989180,        -676.6749000,
 18919,           0.9989190,        -676.7190000,
 18920,           0.9989200,        -676.7637000,
 18921,           0.9989210,        -676.8056000,
 18922,           0.9989220,        -676.8517400,
 18923,           0.9989230,        -676.8961100,
 18924,           0.9989240,        -676.9408000,
 18925,           0.9989250,        -676.9841000,
 18926,           0.9989260,        -677.0289300,
 18927,           0.9989270,        -677.0740300,
 18928,           0.9989280,        -677.1193200,
 18929,           0.9989290,        -677.1646000,
 18930,           0.9989300,        -677.2075000,
 18931,           0.9989310,        -677.2524000,
 18932,           0.9989320,        -677.2988000,
 18933,           0.9989330,        -677.3443000,
 18934,           0.9989340,        -677.3871000,
 18935,           0.9989350,        -677.4328000,
 18936,           0.9989360,        -677.4786000,
 18937,           0.9989370,        -677.5250000,
 18938,           0.9989380,        -677.5705000,
 18939,           0.9989390,        -677.6151000,
 18940,           0.9989400,        -677.6606000,
 18941,           0.9989410,        -677.7072000,
 18942,           0.9989420,        -677.7534100,
 18943,           0.9989430,        -677.7973000,
 18944,           0.9989440,        -677.8437000,
 18945,           0.9989450,        -677.8903000,
 18946,           0.9989460,        -677.9380400,
 18947,           0.9989470,        -677.9844300,
 18948,           0.9989480,        -678.0286200,
 18949,           0.9989490,        -678.0755000,
 18950,           0.9989500,        -678.1240200,
 18951,           0.9989510,        -678.1713000,
 18952,           0.9989520,        -678.2155000,
 18953,           0.9989530,        -678.2634200,
 18954,           0.9989540,        -678.3110000,
 18955,           0.9989550,        -678.3586000,
 18956,           0.9989560,        -678.4059000,
 18957,           0.9989570,        -678.4508000,
 18958,           0.9989580,        -678.4987100,
 18959,           0.9989590,        -678.5464400,
 18960,           0.9989600,        -678.5945400,
 18961,           0.9989610,        -678.6404000,
 18962,           0.9989620,        -678.6887000,
 18963,           0.9989630,        -678.7368000,
 18964,           0.9989640,        -678.7850300,
 18965,           0.9989650,        -678.8331200,
 18966,           0.9989660,        -678.8792100,
 18967,           0.9989670,        -678.9274200,
 18968,           0.9989680,        -678.9772000,
 18969,           0.9989690,        -679.0259300,
 18970,           0.9989700,        -679.0717000,
 18971,           0.9989710,        -679.1209100,
 18972,           0.9989720,        -679.1695000,
 18973,           0.9989730,        -679.2192300,
 18974,           0.9989740,        -679.2681000,
 18975,           0.9989750,        -679.3153000,
 18976,           0.9989760,        -679.3644400,
 18977,           0.9989770,        -679.4141000,
 18978,           0.9989780,        -679.4636200,
 18979,           0.9989790,        -679.5118400,
 18980,           0.9989800,        -679.5618200,
 18981,           0.9989810,        -679.6116300,
 18982,           0.9989820,        -679.6624100,
 18983,           0.9989830,        -679.7122000,
 18984,           0.9989840,        -679.7595000,
 18985,           0.9989850,        -679.8097000,
 18986,           0.9989860,        -679.8604000,
 18987,           0.9989870,        -679.9105200,
 18988,           0.9989880,        -679.9579400,
 18989,           0.9989890,        -680.0088000,
 18990,           0.9989900,        -680.0601000,
 18991,           0.9989910,        -680.1111400,
 18992,           0.9989920,        -680.1619000,
 18993,           0.9989930,        -680.2102000,
 18994,           0.9989940,        -680.2611000,
 18995,           0.9989950,        -680.3124300,
 18996,           0.9989960,        -680.3636000,
 18997,           0.9989970,        -680.4128000,
 18998,           0.9989980,        -680.4641000,
 18999,           0.9989990,        -680.5158000,
 19000,           0.9990000,        -680.5676200,
 19001,           0.9990010,        -680.6197000,
 19002,           0.9990020,        -680.6681000,
 19003,           0.9990030,        -680.7202100,
 19004,           0.9990040,        -680.7725200,
 19005,           0.9990050,        -680.8252000,
 19006,           0.9990060,        -680.8745100,
 19007,           0.9990070,        -680.9267000,
 19008,           0.9990080,        -680.9795000,
 19009,           0.9990090,        -681.0331000,
 19010,           0.9990100,        -681.0861000,
 19011,           0.9990110,        -681.1356200,
 19012,           0.9990120,        -681.1894000,
 19013,           0.9990130,        -681.2421200,
 19014,           0.9990140,        -681.2953400,
 19015,           0.9990150,        -681.3451000,
 19016,           0.9990160,        -681.3987400,
 19017,           0.9990170,        -681.4519000,
 19018,           0.9990180,        -681.5057300,
 19019,           0.9990190,        -681.5590200,
 19020,           0.9990200,        -681.6106000,
 19021,           0.9990210,        -681.6642400,
 19022,           0.9990220,        -681.7182000,
 19023,           0.9990230,        -681.7723300,
 19024,           0.9990240,        -681.8231000,
 19025,           0.9990250,        -681.8773100,
 19026,           0.9990260,        -681.9316400,
 19027,           0.9990270,        -681.9867000,
 19028,           0.9990280,        -682.0410000,
 19029,           0.9990290,        -682.0927100,
 19030,           0.9990300,        -682.1474000,
 19031,           0.9990310,        -682.2023300,
 19032,           0.9990320,        -682.2571400,
 19033,           0.9990330,        -682.3090200,
 19034,           0.9990340,        -682.3641300,
 19035,           0.9990350,        -682.4201000,
 19036,           0.9990360,        -682.4752100,
 19037,           0.9990370,        -682.5309400,
 19038,           0.9990380,        -682.5830000,
 19039,           0.9990390,        -682.6402000,
 19040,           0.9990400,        -682.6956000,
 19041,           0.9990410,        -682.7518000,
 19042,           0.9990420,        -682.8044400,
 19043,           0.9990430,        -682.8616000,
 19044,           0.9990440,        -682.9171100,
 19045,           0.9990450,        -682.9739300,
 19046,           0.9990460,        -683.0300000,
 19047,           0.9990470,        -683.0836100,
 19048,           0.9990480,        -683.1400000,
 19049,           0.9990490,        -683.1968300,
 19050,           0.9990500,        -683.2535000,
 19051,           0.9990510,        -683.3081000,
 19052,           0.9990520,        -683.3647400,
 19053,           0.9990530,        -683.4222400,
 19054,           0.9990540,        -683.4796100,
 19055,           0.9990550,        -683.5372000,
 19056,           0.9990560,        -683.5908200,
 19057,           0.9990570,        -683.6487000,
 19058,           0.9990580,        -683.7070000,
 19059,           0.9990590,        -683.7651300,
 19060,           0.9990600,        -683.8193300,
 19061,           0.9990610,        -683.8776000,
 19062,           0.9990620,        -683.9355400,
 19063,           0.9990630,        -683.9940000,
 19064,           0.9990640,        -684.0527300,
 19065,           0.9990650,        -684.1072300,
 19066,           0.9990660,        -684.1665000,
 19067,           0.9990670,        -684.2252100,
 19068,           0.9990680,        -684.2843000,
 19069,           0.9990690,        -684.3399000,
 19070,           0.9990700,        -684.3986200,
 19071,           0.9990710,        -684.4594000,
 19072,           0.9990720,        -684.5186000,
 19073,           0.9990730,        -684.5781000,
 19074,           0.9990740,        -684.6348200,
 19075,           0.9990750,        -684.6946400,
 19076,           0.9990760,        -684.7543000,
 19077,           0.9990770,        -684.8142000,
 19078,           0.9990780,        -684.8705000,
 19079,           0.9990790,        -684.9309000,
 19080,           0.9990800,        -684.9908000,
 19081,           0.9990810,        -685.0511400,
 19082,           0.9990820,        -685.1120000,
 19083,           0.9990830,        -685.1694300,
 19084,           0.9990840,        -685.2300400,
 19085,           0.9990850,        -685.2909000,
 19086,           0.9990860,        -685.3517400,
 19087,           0.9990870,        -685.4092400,
 19088,           0.9990880,        -685.4704000,
 19089,           0.9990890,        -685.5317300,
 19090,           0.9990900,        -685.5931300,
 19091,           0.9990910,        -685.6550200,
 19092,           0.9990920,        -685.7130100,
 19093,           0.9990930,        -685.7749000,
 19094,           0.9990940,        -685.8365000,
 19095,           0.9990950,        -685.8989000,
 19096,           0.9990960,        -685.9571000,
 19097,           0.9990970,        -686.0195300,
 19098,           0.9990980,        -686.0816000,
 19099,           0.9990990,        -686.1449000,
 19100,           0.9991000,        -686.2074000,
 19101,           0.9991010,        -686.2668400,
 19102,           0.9991020,        -686.3291000,
 19103,           0.9991030,        -686.3935000,
 19104,           0.9991040,        -686.4567000,
 19105,           0.9991050,        -686.5162000,
 19106,           0.9991060,        -686.5795000,
 19107,           0.9991070,        -686.6437000,
 19108,           0.9991080,        -686.7070300,
 19109,           0.9991090,        -686.7705000,
 19110,           0.9991100,        -686.8307400,
 19111,           0.9991110,        -686.8947000,
 19112,           0.9991120,        -686.9590000,
 19113,           0.9991130,        -687.0228000,
 19114,           0.9991140,        -687.0834300,
 19115,           0.9991150,        -687.1476000,
 19116,           0.9991160,        -687.2133000,
 19117,           0.9991170,        -687.2778300,
 19118,           0.9991180,        -687.3389000,
 19119,           0.9991190,        -687.4035000,
 19120,           0.9991200,        -687.4687000,
 19121,           0.9991210,        -687.5338100,
 19122,           0.9991220,        -687.5993000,
 19123,           0.9991230,        -687.6608000,
 19124,           0.9991240,        -687.7274000,
 19125,           0.9991250,        -687.7928000,
 19126,           0.9991260,        -687.8585000,
 19127,           0.9991270,        -687.9205300,
 19128,           0.9991280,        -687.9866000,
 19129,           0.9991290,        -688.0527000,
 19130,           0.9991300,        -688.1188000,
 19131,           0.9991310,        -688.1857000,
 19132,           0.9991320,        -688.2483000,
 19133,           0.9991330,        -688.3158000,
 19134,           0.9991340,        -688.3826200,
 19135,           0.9991350,        -688.4496400,
 19136,           0.9991360,        -688.5126000,
 19137,           0.9991370,        -688.5814200,
 19138,           0.9991380,        -688.6486200,
 19139,           0.9991390,        -688.7163000,
 19140,           0.9991400,        -688.7838100,
 19141,           0.9991410,        -688.8481000,
 19142,           0.9991420,        -688.9160100,
 19143,           0.9991430,        -688.9839000,
 19144,           0.9991440,        -689.0524200,
 19145,           0.9991450,        -689.1167000,
 19146,           0.9991460,        -689.1848100,
 19147,           0.9991470,        -689.2534000,
 19148,           0.9991480,        -689.3224000,
 19149,           0.9991490,        -689.3910000,
 19150,           0.9991500,        -689.4569000,
 19151,           0.9991510,        -689.5259000,
 19152,           0.9991520,        -689.5949000,
 19153,           0.9991530,        -689.6643000,
 19154,           0.9991540,        -689.7297000,
 19155,           0.9991550,        -689.7995000,
 19156,           0.9991560,        -689.8694000,
 19157,           0.9991570,        -689.9391400,
 19158,           0.9991580,        -690.0090000,
 19159,           0.9991590,        -690.0760400,
 19160,           0.9991600,        -690.1465000,
 19161,           0.9991610,        -690.2172000,
 19162,           0.9991620,        -690.2875300,
 19163,           0.9991630,        -690.3539000,
 19164,           0.9991640,        -690.4249200,
 19165,           0.9991650,        -690.4962100,
 19166,           0.9991660,        -690.5677400,
 19167,           0.9991670,        -690.6382400,
 19168,           0.9991680,        -690.7065000,
 19169,           0.9991690,        -690.7781300,
 19170,           0.9991700,        -690.8503000,
 19171,           0.9991710,        -690.9215000,
 19172,           0.9991720,        -690.9893000,
 19173,           0.9991730,        -691.0632300,
 19174,           0.9991740,        -691.1353000,
 19175,           0.9991750,        -691.2080000,
 19176,           0.9991760,        -691.2803300,
 19177,           0.9991770,        -691.3499100,
 19178,           0.9991780,        -691.4224000,
 19179,           0.9991790,        -691.4956000,
 19180,           0.9991800,        -691.5687200,
 19181,           0.9991810,        -691.6378000,
 19182,           0.9991820,        -691.7114000,
 19183,           0.9991830,        -691.7847200,
 19184,           0.9991840,        -691.8586400,
 19185,           0.9991850,        -691.9325000,
 19186,           0.9991860,        -692.0030000,
 19187,           0.9991870,        -692.0769000,
 19188,           0.9991880,        -692.1512000,
 19189,           0.9991890,        -692.2261300,
 19190,           0.9991900,        -692.2961000,
 19191,           0.9991910,        -692.3712100,
 19192,           0.9991920,        -692.4459200,
 19193,           0.9991930,        -692.5213000,
 19194,           0.9991940,        -692.5963000,
 19195,           0.9991950,        -692.6679000,
 19196,           0.9991960,        -692.7437000,
 19197,           0.9991970,        -692.8193000,
 19198,           0.9991980,        -692.8954400,
 19199,           0.9991990,        -692.9669000,
 19200,           0.9992000,        -693.0433000,
 19201,           0.9992010,        -693.1190100,
 19202,           0.9992020,        -693.1955000,
 19203,           0.9992030,        -693.2723000,
 19204,           0.9992040,        -693.3451000,
 19205,           0.9992050,        -693.4222400,
 19206,           0.9992060,        -693.4991000,
 19207,           0.9992070,        -693.5767000,
 19208,           0.9992080,        -693.6497000,
 19209,           0.9992090,        -693.7280000,
 19210,           0.9992100,        -693.8062000,
 19211,           0.9992110,        -693.8839100,
 19212,           0.9992120,        -693.9620300,
 19213,           0.9992130,        -694.0357000,
 19214,           0.9992140,        -694.1147000,
 19215,           0.9992150,        -694.1929300,
 19216,           0.9992160,        -694.2714200,
 19217,           0.9992170,        -694.3459400,
 19218,           0.9992180,        -694.4248000,
 19219,           0.9992190,        -694.5042000,
 19220,           0.9992200,        -694.5833000,
 19221,           0.9992210,        -694.6628400,
 19222,           0.9992220,        -694.7378000,
 19223,           0.9992230,        -694.8182300,
 19224,           0.9992240,        -694.8984000,
 19225,           0.9992250,        -694.9784000,
 19226,           0.9992260,        -695.0541300,
 19227,           0.9992270,        -695.1343000,
 19228,           0.9992280,        -695.2150000,
 19229,           0.9992290,        -695.2960000,
 19230,           0.9992300,        -695.3766000,
 19231,           0.9992310,        -695.4530000,
 19232,           0.9992320,        -695.5342000,
 19233,           0.9992330,        -695.6161000,
 19234,           0.9992340,        -695.6980000,
 19235,           0.9992350,        -695.7750000,
 19236,           0.9992360,        -695.8572300,
 19237,           0.9992370,        -695.9390000,
 19238,           0.9992380,        -696.0210000,
 19239,           0.9992390,        -696.1038000,
 19240,           0.9992400,        -696.1812000,
 19241,           0.9992410,        -696.2645200,
 19242,           0.9992420,        -696.3470400,
 19243,           0.9992430,        -696.4311000,
 19244,           0.9992440,        -696.5096000,
 19245,           0.9992450,        -696.5925200,
 19246,           0.9992460,        -696.6765100,
 19247,           0.9992470,        -696.7601000,
 19248,           0.9992480,        -696.8459400,
 19249,           0.9992490,        -696.9250000,
 19250,           0.9992500,        -697.0091000,
 19251,           0.9992510,        -697.0937000,
 19252,           0.9992520,        -697.1781000,
 19253,           0.9992530,        -697.2590000,
 19254,           0.9992540,        -697.3441100,
 19255,           0.9992550,        -697.4290100,
 19256,           0.9992560,        -697.5145200,
 19257,           0.9992570,        -697.5999100,
 19258,           0.9992580,        -697.6808400,
 19259,           0.9992590,        -697.7667200,
 19260,           0.9992600,        -697.8525300,
 19261,           0.9992610,        -697.9392000,
 19262,           0.9992620,        -698.0203200,
 19263,           0.9992630,        -698.1082000,
 19264,           0.9992640,        -698.1946000,
 19265,           0.9992650,        -698.2814300,
 19266,           0.9992660,        -698.3689000,
 19267,           0.9992670,        -698.4509200,
 19268,           0.9992680,        -698.5384000,
 19269,           0.9992690,        -698.6261000,
 19270,           0.9992700,        -698.7139200,
 19271,           0.9992710,        -698.7971000,
 19272,           0.9992720,        -698.8851000,
 19273,           0.9992730,        -698.9741200,
 19274,           0.9992740,        -699.0634000,
 19275,           0.9992750,        -699.1520000,
 19276,           0.9992760,        -699.2360000,
 19277,           0.9992770,        -699.3251000,
 19278,           0.9992780,        -699.4141200,
 19279,           0.9992790,        -699.5040200,
 19280,           0.9992800,        -699.5884000,
 19281,           0.9992810,        -699.6785200,
 19282,           0.9992820,        -699.7685000,
 19283,           0.9992830,        -699.8597000,
 19284,           0.9992840,        -699.9501000,
 19285,           0.9992850,        -700.0356000,
 19286,           0.9992860,        -700.1260000,
 19287,           0.9992870,        -700.2172200,
 19288,           0.9992880,        -700.3084100,
 19289,           0.9992890,        -700.3964000,
 19290,           0.9992900,        -700.4877300,
 19291,           0.9992910,        -700.5798000,
 19292,           0.9992920,        -700.6719000,
 19293,           0.9992930,        -700.7642000,
 19294,           0.9992940,        -700.8515000,
 19295,           0.9992950,        -700.9446400,
 19296,           0.9992960,        -701.0374100,
 19297,           0.9992970,        -701.1306000,
 19298,           0.9992980,        -701.2181300,
 19299,           0.9992990,        -701.3116400,
 19300,           0.9993000,        -701.4052000,
 19301,           0.9993010,        -701.4990000,
 19302,           0.9993020,        -701.5934000,
 19303,           0.9993030,        -701.6821000,
 19304,           0.9993040,        -701.7769000,
 19305,           0.9993050,        -701.8721300,
 19306,           0.9993060,        -701.9666100,
 19307,           0.9993070,        -702.0560300,
 19308,           0.9993080,        -702.1513000,
 19309,           0.9993090,        -702.2466000,
 19310,           0.9993100,        -702.3426000,
 19311,           0.9993110,        -702.4330400,
 19312,           0.9993120,        -702.5288000,
 19313,           0.9993130,        -702.6252400,
 19314,           0.9993140,        -702.7217000,
 19315,           0.9993150,        -702.8190300,
 19316,           0.9993160,        -702.9103300,
 19317,           0.9993170,        -703.0073200,
 19318,           0.9993180,        -703.1046100,
 19319,           0.9993190,        -703.2023000,
 19320,           0.9993200,        -703.2943000,
 19321,           0.9993210,        -703.3921000,
 19322,           0.9993220,        -703.4908400,
 19323,           0.9993230,        -703.5891000,
 19324,           0.9993240,        -703.6880400,
 19325,           0.9993250,        -703.7806300,
 19326,           0.9993260,        -703.8805000,
 19327,           0.9993270,        -703.9796100,
 19328,           0.9993280,        -704.0790400,
 19329,           0.9993290,        -704.1727200,
 19330,           0.9993300,        -704.2726400,
 19331,           0.9993310,        -704.3729000,
 19332,           0.9993320,        -704.4745400,
 19333,           0.9993330,        -704.5752000,
 19334,           0.9993340,        -704.6701000,
 19335,           0.9993350,        -704.7713000,
 19336,           0.9993360,        -704.8725000,
 19337,           0.9993370,        -704.9745000,
 19338,           0.9993380,        -705.0706100,
 19339,           0.9993390,        -705.1722000,
 19340,           0.9993400,        -705.2741000,
 19341,           0.9993410,        -705.3768300,
 19342,           0.9993420,        -705.4791000,
 19343,           0.9993430,        -705.5762000,
 19344,           0.9993440,        -705.6790100,
 19345,           0.9993450,        -705.7821000,
 19346,           0.9993460,        -705.8859000,
 19347,           0.9993470,        -705.9834000,
 19348,           0.9993480,        -706.0876000,
 19349,           0.9993490,        -706.1921300,
 19350,           0.9993500,        -706.2966300,
 19351,           0.9993510,        -706.4014200,
 19352,           0.9993520,        -706.4997000,
 19353,           0.9993530,        -706.6053000,
 19354,           0.9993540,        -706.7106000,
 19355,           0.9993550,        -706.8162200,
 19356,           0.9993560,        -706.9160100,
 19357,           0.9993570,        -707.0215000,
 19358,           0.9993580,        -707.1281000,
 19359,           0.9993590,        -707.2346100,
 19360,           0.9993600,        -707.3419000,
 19361,           0.9993610,        -707.4427400,
 19362,           0.9993620,        -707.5501000,
 19363,           0.9993630,        -707.6572200,
 19364,           0.9993640,        -707.7652000,
 19365,           0.9993650,        -707.8668200,
 19366,           0.9993660,        -707.9749100,
 19367,           0.9993670,        -708.0835000,
 19368,           0.9993680,        -708.1920000,
 19369,           0.9993690,        -708.3011000,
 19370,           0.9993700,        -708.4043000,
 19371,           0.9993710,        -708.5136100,
 19372,           0.9993720,        -708.6235300,
 19373,           0.9993730,        -708.7338000,
 19374,           0.9993740,        -708.8377000,
 19375,           0.9993750,        -708.9479000,
 19376,           0.9993760,        -709.0586000,
 19377,           0.9993770,        -709.1697000,
 19378,           0.9993780,        -709.2819000,
 19379,           0.9993790,        -709.3873200,
 19380,           0.9993800,        -709.4988400,
 19381,           0.9993810,        -709.6105300,
 19382,           0.9993820,        -709.7234000,
 19383,           0.9993830,        -709.8287300,
 19384,           0.9993840,        -709.9421300,
 19385,           0.9993850,        -710.0554000,
 19386,           0.9993860,        -710.1687000,
 19387,           0.9993870,        -710.2819000,
 19388,           0.9993880,        -710.3892200,
 19389,           0.9993890,        -710.5031000,
 19390,           0.9993900,        -710.6171000,
 19391,           0.9993910,        -710.7321100,
 19392,           0.9993920,        -710.8402000,
 19393,           0.9993930,        -710.9554000,
 19394,           0.9993940,        -711.0706100,
 19395,           0.9993950,        -711.1863000,
 19396,           0.9993960,        -711.3026100,
 19397,           0.9993970,        -711.4121000,
 19398,           0.9993980,        -711.5285000,
 19399,           0.9993990,        -711.6454400,
 19400,           0.9994000,        -711.7623200,
 19401,           0.9994010,        -711.8725000,
 19402,           0.9994020,        -711.9904000,
 19403,           0.9994030,        -712.1078000,
 19404,           0.9994040,        -712.2261000,
 19405,           0.9994050,        -712.3441000,
 19406,           0.9994060,        -712.4559300,
 19407,           0.9994070,        -712.5750100,
 19408,           0.9994080,        -712.6939000,
 19409,           0.9994090,        -712.8141000,
 19410,           0.9994100,        -712.9271000,
 19411,           0.9994110,        -713.0468100,
 19412,           0.9994120,        -713.1670000,
 19413,           0.9994130,        -713.2880200,
 19414,           0.9994140,        -713.4086000,
 19415,           0.9994150,        -713.5227000,
 19416,           0.9994160,        -713.6442000,
 19417,           0.9994170,        -713.7660000,
 19418,           0.9994180,        -713.8881000,
 19419,           0.9994190,        -714.0033000,
 19420,           0.9994200,        -714.1257300,
 19421,           0.9994210,        -714.2493200,
 19422,           0.9994220,        -714.3722000,
 19423,           0.9994230,        -714.4962000,
 19424,           0.9994240,        -714.6127300,
 19425,           0.9994250,        -714.7361400,
 19426,           0.9994260,        -714.8610200,
 19427,           0.9994270,        -714.9857100,
 19428,           0.9994280,        -715.1046000,
 19429,           0.9994290,        -715.2301000,
 19430,           0.9994300,        -715.3557100,
 19431,           0.9994310,        -715.4814400,
 19432,           0.9994320,        -715.6078400,
 19433,           0.9994330,        -715.7267000,
 19434,           0.9994340,        -715.8539400,
 19435,           0.9994350,        -715.9810000,
 19436,           0.9994360,        -716.1086000,
 19437,           0.9994370,        -716.2286300,
 19438,           0.9994380,        -716.3567000,
 19439,           0.9994390,        -716.4854000,
 19440,           0.9994400,        -716.6137000,
 19441,           0.9994410,        -716.7427300,
 19442,           0.9994420,        -716.8644400,
 19443,           0.9994430,        -716.9941400,
 19444,           0.9994440,        -717.1236000,
 19445,           0.9994450,        -717.2538400,
 19446,           0.9994460,        -717.3771000,
 19447,           0.9994470,        -717.5079300,
 19448,           0.9994480,        -717.6396000,
 19449,           0.9994490,        -717.7709300,
 19450,           0.9994500,        -717.9028000,
 19451,           0.9994510,        -718.0276000,
 19452,           0.9994520,        -718.1601000,
 19453,           0.9994530,        -718.2928000,
 19454,           0.9994540,        -718.4259000,
 19455,           0.9994550,        -718.5513300,
 19456,           0.9994560,        -718.6852000,
 19457,           0.9994570,        -718.8193300,
 19458,           0.9994580,        -718.9539100,
 19459,           0.9994590,        -719.0888000,
 19460,           0.9994600,        -719.2158000,
 19461,           0.9994610,        -719.3518000,
 19462,           0.9994620,        -719.4877000,
 19463,           0.9994630,        -719.6237100,
 19464,           0.9994640,        -719.7523000,
 19465,           0.9994650,        -719.8890000,
 19466,           0.9994660,        -720.0263000,
 19467,           0.9994670,        -720.1638100,
 19468,           0.9994680,        -720.3015000,
 19469,           0.9994690,        -720.4316000,
 19470,           0.9994700,        -720.5703100,
 19471,           0.9994710,        -720.7092200,
 19472,           0.9994720,        -720.8480000,
 19473,           0.9994730,        -720.9797000,
 19474,           0.9994740,        -721.1198000,
 19475,           0.9994750,        -721.2603100,
 19476,           0.9994760,        -721.4009300,
 19477,           0.9994770,        -721.5425000,
 19478,           0.9994780,        -721.6754100,
 19479,           0.9994790,        -721.8171000,
 19480,           0.9994800,        -721.9597000,
 19481,           0.9994810,        -722.1016200,
 19482,           0.9994820,        -722.2361000,
 19483,           0.9994830,        -722.3806000,
 19484,           0.9994840,        -722.5242300,
 19485,           0.9994850,        -722.6682000,
 19486,           0.9994860,        -722.8125000,
 19487,           0.9994870,        -722.9485400,
 19488,           0.9994880,        -723.0940000,
 19489,           0.9994890,        -723.2390000,
 19490,           0.9994900,        -723.3855000,
 19491,           0.9994910,        -723.5235000,
 19492,           0.9994920,        -723.6696000,
 19493,           0.9994930,        -723.8167000,
 19494,           0.9994940,        -723.9639000,
 19495,           0.9994950,        -724.1119300,
 19496,           0.9994960,        -724.2510300,
 19497,           0.9994970,        -724.3995300,
 19498,           0.9994980,        -724.5479100,
 19499,           0.9994990,        -724.6976300,
 19500,           0.9995000,        -724.8386000,
 19501,           0.9995010,        -724.9885200,
 19502,           0.9995020,        -725.1393000,
 19503,           0.9995030,        -725.2897000,
 19504,           0.9995040,        -725.4418300,
 19505,           0.9995050,        -725.5842000,
 19506,           0.9995060,        -725.7367000,
 19507,           0.9995070,        -725.8888000,
 19508,           0.9995080,        -726.0416200,
 19509,           0.9995090,        -726.1855400,
 19510,           0.9995100,        -726.3394100,
 19511,           0.9995110,        -726.4935300,
 19512,           0.9995120,        -726.6478200,
 19513,           0.9995130,        -726.7936400,
 19514,           0.9995140,        -726.9492000,
 19515,           0.9995150,        -727.1045000,
 19516,           0.9995160,        -727.2609000,
 19517,           0.9995170,        -727.4172300,
 19518,           0.9995180,        -727.5650000,
 19519,           0.9995190,        -727.7224000,
 19520,           0.9995200,        -727.8807300,
 19521,           0.9995210,        -728.0394000,
 19522,           0.9995220,        -728.1884100,
 19523,           0.9995230,        -728.3476000,
 19524,           0.9995240,        -728.5069000,
 19525,           0.9995250,        -728.6675000,
 19526,           0.9995260,        -728.8278100,
 19527,           0.9995270,        -728.9789000,
 19528,           0.9995280,        -729.1403100,
 19529,           0.9995290,        -729.3022400,
 19530,           0.9995300,        -729.4641000,
 19531,           0.9995310,        -729.6172000,
 19532,           0.9995320,        -729.7800000,
 19533,           0.9995330,        -729.9437200,
 19534,           0.9995340,        -730.1074200,
 19535,           0.9995350,        -730.2718000,
 19536,           0.9995360,        -730.4275000,
 19537,           0.9995370,        -730.5930000,
 19538,           0.9995380,        -730.7589000,
 19539,           0.9995390,        -730.9251000,
 19540,           0.9995400,        -731.0815400,
 19541,           0.9995410,        -731.2490200,
 19542,           0.9995420,        -731.4165000,
 19543,           0.9995430,        -731.5846000,
 19544,           0.9995440,        -731.7545000,
 19545,           0.9995450,        -731.9133000,
 19546,           0.9995460,        -732.0834000,
 19547,           0.9995470,        -732.2532000,
 19548,           0.9995480,        -732.4232100,
 19549,           0.9995490,        -732.5841000,
 19550,           0.9995500,        -732.7557000,
 19551,           0.9995510,        -732.9277000,
 19552,           0.9995520,        -733.1009000,
 19553,           0.9995530,        -733.2737000,
 19554,           0.9995540,        -733.4368200,
 19555,           0.9995550,        -733.6105300,
 19556,           0.9995560,        -733.7849100,
 19557,           0.9995570,        -733.9600000,
 19558,           0.9995580,        -734.1251200,
 19559,           0.9995590,        -734.3006000,
 19560,           0.9995600,        -734.4772000,
 19561,           0.9995610,        -734.6536200,
 19562,           0.9995620,        -734.8316000,
 19563,           0.9995630,        -734.9989000,
 19564,           0.9995640,        -735.1770000,
 19565,           0.9995650,        -735.3560000,
 19566,           0.9995660,        -735.5355200,
 19567,           0.9995670,        -735.7051000,
 19568,           0.9995680,        -735.8854300,
 19569,           0.9995690,        -736.0670100,
 19570,           0.9995700,        -736.2488000,
 19571,           0.9995710,        -736.4308000,
 19572,           0.9995720,        -736.6027200,
 19573,           0.9995730,        -736.7859400,
 19574,           0.9995740,        -736.9693000,
 19575,           0.9995750,        -737.1536200,
 19576,           0.9995760,        -737.3275100,
 19577,           0.9995770,        -737.5124000,
 19578,           0.9995780,        -737.6984200,
 19579,           0.9995790,        -737.8849400,
 19580,           0.9995800,        -738.0721400,
 19581,           0.9995810,        -738.2485300,
 19582,           0.9995820,        -738.4364000,
 19583,           0.9995830,        -738.6252000,
 19584,           0.9995840,        -738.8146300,
 19585,           0.9995850,        -738.9931000,
 19586,           0.9995860,        -739.1840000,
 19587,           0.9995870,        -739.3749000,
 19588,           0.9995880,        -739.5663000,
 19589,           0.9995890,        -739.7587200,
 19590,           0.9995900,        -739.9400000,
 19591,           0.9995910,        -740.1329000,
 19592,           0.9995920,        -740.3268400,
 19593,           0.9995930,        -740.5217000,
 19594,           0.9995940,        -740.7051300,
 19595,           0.9995950,        -740.9006000,
 19596,           0.9995960,        -741.0965000,
 19597,           0.9995970,        -741.2936400,
 19598,           0.9995980,        -741.4912100,
 19599,           0.9995990,        -741.6775000,
 19600,           0.9996000,        -741.8761000,
 19601,           0.9996010,        -742.0750100,
 19602,           0.9996020,        -742.2751400,
 19603,           0.9996030,        -742.4639200,
 19604,           0.9996040,        -742.6648000,
 19605,           0.9996050,        -742.8671000,
 19606,           0.9996060,        -743.0695000,
 19607,           0.9996070,        -743.2728000,
 19608,           0.9996080,        -743.4642300,
 19609,           0.9996090,        -743.6686400,
 19610,           0.9996100,        -743.8735000,
 19611,           0.9996110,        -744.0789100,
 19612,           0.9996120,        -744.2733000,
 19613,           0.9996130,        -744.4800400,
 19614,           0.9996140,        -744.6888000,
 19615,           0.9996150,        -744.8969100,
 19616,           0.9996160,        -745.1056000,
 19617,           0.9996170,        -745.3032200,
 19618,           0.9996180,        -745.5132000,
 19619,           0.9996190,        -745.7241000,
 19620,           0.9996200,        -745.9355400,
 19621,           0.9996210,        -746.1350000,
 19622,           0.9996220,        -746.3480200,
 19623,           0.9996230,        -746.5617000,
 19624,           0.9996240,        -746.7766000,
 19625,           0.9996250,        -746.9916300,
 19626,           0.9996260,        -747.1942100,
 19627,           0.9996270,        -747.4113000,
 19628,           0.9996280,        -747.6282000,
 19629,           0.9996290,        -747.8456400,
 19630,           0.9996300,        -748.0511400,
 19631,           0.9996310,        -748.2704400,
 19632,           0.9996320,        -748.4908400,
 19633,           0.9996330,        -748.7113000,
 19634,           0.9996340,        -748.9327300,
 19635,           0.9996350,        -749.1414000,
 19636,           0.9996360,        -749.3641300,
 19637,           0.9996370,        -749.5882000,
 19638,           0.9996380,        -749.8126000,
 19639,           0.9996390,        -750.0242300,
 19640,           0.9996400,        -750.2499300,
 19641,           0.9996410,        -750.4765000,
 19642,           0.9996420,        -750.7042200,
 19643,           0.9996430,        -750.9324000,
 19644,           0.9996440,        -751.1476400,
 19645,           0.9996450,        -751.3779000,
 19646,           0.9996460,        -751.6083000,
 19647,           0.9996470,        -751.8400200,
 19648,           0.9996480,        -752.0580400,
 19649,           0.9996490,        -752.2912000,
 19650,           0.9996500,        -752.5244100,
 19651,           0.9996510,        -752.7587200,
 19652,           0.9996520,        -752.9946200,
 19653,           0.9996530,        -753.2164300,
 19654,           0.9996540,        -753.4531000,
 19655,           0.9996550,        -753.6909000,
 19656,           0.9996560,        -753.9293000,
 19657,           0.9996570,        -754.1544000,
 19658,           0.9996580,        -754.3950100,
 19659,           0.9996590,        -754.6359200,
 19660,           0.9996600,        -754.8774400,
 19661,           0.9996610,        -755.1202000,
 19662,           0.9996620,        -755.3493000,
 19663,           0.9996630,        -755.5941000,
 19664,           0.9996640,        -755.8394000,
 19665,           0.9996650,        -756.0853200,
 19666,           0.9996660,        -756.3184200,
 19667,           0.9996670,        -756.5662200,
 19668,           0.9996680,        -756.8152000,
 19669,           0.9996690,        -757.0653000,
 19670,           0.9996700,        -757.3156100,
 19671,           0.9996710,        -757.5520000,
 19672,           0.9996720,        -757.8045000,
 19673,           0.9996730,        -758.0577300,
 19674,           0.9996740,        -758.3124300,
 19675,           0.9996750,        -758.5525000,
 19676,           0.9996760,        -758.8083400,
 19677,           0.9996770,        -759.0654000,
 19678,           0.9996780,        -759.3234200,
 19679,           0.9996790,        -759.5820300,
 19680,           0.9996800,        -759.8270000,
 19681,           0.9996810,        -760.0880000,
 19682,           0.9996820,        -760.3495000,
 19683,           0.9996830,        -760.6119000,
 19684,           0.9996840,        -760.8604000,
 19685,           0.9996850,        -761.1249000,
 19686,           0.9996860,        -761.3910000,
 19687,           0.9996870,        -761.6575300,
 19688,           0.9996880,        -761.9250400,
 19689,           0.9996890,        -762.1785000,
 19690,           0.9996900,        -762.4486000,
 19691,           0.9996910,        -762.7192300,
 19692,           0.9996920,        -762.9911000,
 19693,           0.9996930,        -763.2476100,
 19694,           0.9996940,        -763.5219000,
 19695,           0.9996950,        -763.7963200,
 19696,           0.9996960,        -764.0723000,
 19697,           0.9996970,        -764.3495000,
 19698,           0.9996980,        -764.6112000,
 19699,           0.9996990,        -764.8904400,
 19700,           0.9997000,        -765.1706000,
 19701,           0.9997010,        -765.4534300,
 19702,           0.9997020,        -765.7193000,
 19703,           0.9997030,        -766.0027000,
 19704,           0.9997040,        -766.2877000,
 19705,           0.9997050,        -766.5735000,
 19706,           0.9997060,        -766.8433000,
 19707,           0.9997070,        -767.1313000,
 19708,           0.9997080,        -767.4205300,
 19709,           0.9997090,        -767.7109000,
 19710,           0.9997100,        -768.0023100,
 19711,           0.9997110,        -768.2780000,
 19712,           0.9997120,        -768.5717100,
 19713,           0.9997130,        -768.8666300,
 19714,           0.9997140,        -769.1635100,
 19715,           0.9997150,        -769.4435000,
 19716,           0.9997160,        -769.7422400,
 19717,           0.9997170,        -770.0421000,
 19718,           0.9997180,        -770.3434000,
 19719,           0.9997190,        -770.6453200,
 19720,           0.9997200,        -770.9313300,
 19721,           0.9997210,        -771.2360200,
 19722,           0.9997220,        -771.5417000,
 19723,           0.9997230,        -771.8494000,
 19724,           0.9997240,        -772.1401300,
 19725,           0.9997250,        -772.4496400,
 19726,           0.9997260,        -772.7609200,
 19727,           0.9997270,        -773.0735400,
 19728,           0.9997280,        -773.3876000,
 19729,           0.9997290,        -773.6840200,
 19730,           0.9997300,        -774.0002000,
 19731,           0.9997310,        -774.3183000,
 19732,           0.9997320,        -774.6376000,
 19733,           0.9997330,        -774.9396000,
 19734,           0.9997340,        -775.2612000,
 19735,           0.9997350,        -775.5847000,
 19736,           0.9997360,        -775.9091100,
 19737,           0.9997370,        -776.2355000,
 19738,           0.9997380,        -776.5439000,
 19739,           0.9997390,        -776.8730400,
 19740,           0.9997400,        -777.2036000,
 19741,           0.9997410,        -777.5353300,
 19742,           0.9997420,        -777.8497000,
 19743,           0.9997430,        -778.1843000,
 19744,           0.9997440,        -778.5206200,
 19745,           0.9997450,        -778.8590000,
 19746,           0.9997460,        -779.1981000,
 19747,           0.9997470,        -779.5189200,
 19748,           0.9997480,        -779.8615100,
 19749,           0.9997490,        -780.2053200,
 19750,           0.9997500,        -780.5507200,
 19751,           0.9997510,        -780.8774000,
 19752,           0.9997520,        -781.2263000,
 19753,           0.9997530,        -781.5766000,
 19754,           0.9997540,        -781.9282200,
 19755,           0.9997550,        -782.2819200,
 19756,           0.9997560,        -782.6160200,
 19757,           0.9997570,        -782.9727100,
 19758,           0.9997580,        -783.3311100,
 19759,           0.9997590,        -783.6914000,
 19760,           0.9997600,        -784.0320400,
 19761,           0.9997610,        -784.3957000,
 19762,           0.9997620,        -784.7609200,
 19763,           0.9997630,        -785.1276000,
 19764,           0.9997640,        -785.4963300,
 19765,           0.9997650,        -785.8453300,
 19766,           0.9997660,        -786.2171000,
 19767,           0.9997670,        -786.5916000,
 19768,           0.9997680,        -786.9673400,
 19769,           0.9997690,        -787.3231200,
 19770,           0.9997700,        -787.7025100,
 19771,           0.9997710,        -788.0839000,
 19772,           0.9997720,        -788.4678300,
 19773,           0.9997730,        -788.8531000,
 19774,           0.9997740,        -789.2170400,
 19775,           0.9997750,        -789.6063000,
 19776,           0.9997760,        -789.9973000,
 19777,           0.9997770,        -790.3904000,
 19778,           0.9997780,        -790.7619000,
 19779,           0.9997790,        -791.1588100,
 19780,           0.9997800,        -791.5575000,
 19781,           0.9997810,        -791.9587000,
 19782,           0.9997820,        -792.3614000,
 19783,           0.9997830,        -792.7429000,
 19784,           0.9997840,        -793.1497100,
 19785,           0.9997850,        -793.5591400,
 19786,           0.9997860,        -793.9708200,
 19787,           0.9997870,        -794.3595000,
 19788,           0.9997880,        -794.7754000,
 19789,           0.9997890,        -795.1928100,
 19790,           0.9997900,        -795.6133400,
 19791,           0.9997910,        -796.0355200,
 19792,           0.9997920,        -796.4349000,
 19793,           0.9997930,        -796.8622400,
 19794,           0.9997940,        -797.2910100,
 19795,           0.9997950,        -797.7225300,
 19796,           0.9997960,        -798.1305000,
 19797,           0.9997970,        -798.5668300,
 19798,           0.9997980,        -799.0052000,
 19799,           0.9997990,        -799.4459200,
 19800,           0.9998000,        -799.8896000,
 19801,           0.9998010,        -800.3089000,
 19802,           0.9998020,        -800.7573200,
 19803,           0.9998030,        -801.2082000,
 19804,           0.9998040,        -801.6617000,
 19805,           0.9998050,        -802.0906300,
 19806,           0.9998060,        -802.5492000,
 19807,           0.9998070,        -803.0107400,
 19808,           0.9998080,        -803.4748000,
 19809,           0.9998090,        -803.9410400,
 19810,           0.9998100,        -804.3824000,
 19811,           0.9998110,        -804.8540000,
 19812,           0.9998120,        -805.3288000,
 19813,           0.9998130,        -805.8065000,
 19814,           0.9998140,        -806.2582000,
 19815,           0.9998150,        -806.7410000,
 19816,           0.9998160,        -807.2271000,
 19817,           0.9998170,        -807.7157000,
 19818,           0.9998180,        -808.2072000,
 19819,           0.9998190,        -808.6728000,
 19820,           0.9998200,        -809.1703000,
 19821,           0.9998210,        -809.6713000,
 19822,           0.9998220,        -810.1751000,
 19823,           0.9998230,        -810.6522000,
 19824,           0.9998240,        -811.1620000,
 19825,           0.9998250,        -811.6754000,
 19826,           0.9998260,        -812.1915200,
 19827,           0.9998270,        -812.7112000,
 19828,           0.9998280,        -813.2046000,
 19829,           0.9998290,        -813.7313000,
 19830,           0.9998300,        -814.2603000,
 19831,           0.9998310,        -814.7935000,
 19832,           0.9998320,        -815.2983300,
 19833,           0.9998330,        -815.8386000,
 19834,           0.9998340,        -816.3820100,
 19835,           0.9998350,        -816.9289000,
 19836,           0.9998360,        -817.4796000,
 19837,           0.9998370,        -818.0012200,
 19838,           0.9998380,        -818.5593000,
 19839,           0.9998390,        -819.1207000,
 19840,           0.9998400,        -819.6866400,
 19841,           0.9998410,        -820.2222000,
 19842,           0.9998420,        -820.7953000,
 19843,           0.9998430,        -821.3726100,
 19844,           0.9998440,        -821.9536000,
 19845,           0.9998450,        -822.5390000,
 19846,           0.9998460,        -823.0937000,
 19847,           0.9998470,        -823.6871000,
 19848,           0.9998480,        -824.2849000,
 19849,           0.9998490,        -824.8869000,
 19850,           0.9998500,        -825.4573300,
 19851,           0.9998510,        -826.0684200,
 19852,           0.9998520,        -826.6833000,
 19853,           0.9998530,        -827.3027300,
 19854,           0.9998540,        -827.9272000,
 19855,           0.9998550,        -828.5185000,
 19856,           0.9998560,        -829.1519100,
 19857,           0.9998570,        -829.7903400,
 19858,           0.9998580,        -830.4330000,
 19859,           0.9998590,        -831.0427200,
 19860,           0.9998600,        -831.6954300,
 19861,           0.9998610,        -832.3528000,
 19862,           0.9998620,        -833.0159000,
 19863,           0.9998630,        -833.6839000,
 19864,           0.9998640,        -834.3171000,
 19865,           0.9998650,        -834.9958400,
 19866,           0.9998660,        -835.6796200,
 19867,           0.9998670,        -836.3688000,
 19868,           0.9998680,        -837.0233000,
 19869,           0.9998690,        -837.7234400,
 19870,           0.9998700,        -838.4299000,
 19871,           0.9998710,        -839.1423300,
 19872,           0.9998720,        -839.8604100,
 19873,           0.9998730,        -840.5419300,
 19874,           0.9998740,        -841.2715000,
 19875,           0.9998750,        -842.0079000,
 19876,           0.9998760,        -842.7507000,
 19877,           0.9998770,        -843.4556000,
 19878,           0.9998780,        -844.2110000,
 19879,           0.9998790,        -844.9729000,
 19880,           0.9998800,        -845.7419400,
 19881,           0.9998810,        -846.5175000,
 19882,           0.9998820,        -847.2543000,
 19883,           0.9998830,        -848.0435100,
 19884,           0.9998840,        -848.8405100,
 19885,           0.9998850,        -849.6446000,
 19886,           0.9998860,        -850.4086300,
 19887,           0.9998870,        -851.2273000,
 19888,           0.9998880,        -852.0544400,
 19889,           0.9998890,        -852.8889000,
 19890,           0.9998900,        -853.7319000,
 19891,           0.9998910,        -854.5323000,
 19892,           0.9998920,        -855.3913000,
 19893,           0.9998930,        -856.2590300,
 19894,           0.9998940,        -857.1353000,
 19895,           0.9998950,        -857.9677100,
 19896,           0.9998960,        -858.8612000,
 19897,           0.9998970,        -859.7640000,
 19898,           0.9998980,        -860.6762000,
 19899,           0.9998990,        -861.5980000,
 19900,           0.9999000,        -862.4743000,
 19901,           0.9999010,        -863.4148000,
 19902,           0.9999020,        -864.3660000,
 19903,           0.9999030,        -865.3276000,
 19904,           0.9999040,        -866.2420000,
 19905,           0.9999050,        -867.2244200,
 19906,           0.9999060,        -868.2175200,
 19907,           0.9999070,        -869.2220400,
 19908,           0.9999080,        -870.1777300,
 19909,           0.9999090,        -871.2045200,
 19910,           0.9999100,        -872.2440100,
 19911,           0.9999110,        -873.2954100,
 19912,           0.9999120,        -874.3591300,
 19913,           0.9999130,        -875.3727000,
 19914,           0.9999140,        -876.4620300,
 19915,           0.9999150,        -877.5646000,
 19916,           0.9999160,        -878.6813300,
 19917,           0.9999170,        -879.7451000,
 19918,           0.9999180,        -880.8892000,
 19919,           0.9999190,        -882.0483300,
 19920,           0.9999200,        -883.2224100,
 19921,           0.9999210,        -884.4120400,
 19922,           0.9999220,        -885.5463000,
 19923,           0.9999230,        -886.7676300,
 19924,           0.9999240,        -888.0055000,
 19925,           0.9999250,        -889.2604300,
 19926,           0.9999260,        -890.4586000,
 19927,           0.9999270,        -891.7484100,
 19928,           0.9999280,        -893.0573100,
 19929,           0.9999290,        -894.3853100,
 19930,           0.9999300,        -895.7327200,
 19931,           0.9999310,        -897.0200000,
 19932,           0.9999320,        -898.4075300,
 19933,           0.9999330,        -899.8167000,
 19934,           0.9999340,        -901.2481000,
 19935,           0.9999350,        -902.6162100,
 19936,           0.9999360,        -904.0930000,
 19937,           0.9999370,        -905.5935000,
 19938,           0.9999380,        -907.1195000,
 19939,           0.9999390,        -908.6716300,
 19940,           0.9999400,        -910.1566000,
 19941,           0.9999410,        -911.7613000,
 19942,           0.9999420,        -913.3945000,
 19943,           0.9999430,        -915.0574000,
 19944,           0.9999440,        -916.6508000,
 19945,           0.9999450,        -918.3738400,
 19946,           0.9999460,        -920.1307000,
 19947,           0.9999470,        -921.9213200,
 19948,           0.9999480,        -923.7469400,
 19949,           0.9999490,        -925.4993000,
 19950,           0.9999500,        -927.3987400,
 19951,           0.9999510,        -929.3373400,
 19952,           0.9999520,        -931.3180000,
 19953,           0.9999530,        -933.2213100,
 19954,           0.9999540,        -935.2874000,
 19955,           0.9999550,        -937.4005000,
 19956,           0.9999560,        -939.5630400,
 19957,           0.9999570,        -941.7770000,
 19958,           0.9999580,        -943.9100300,
 19959,           0.9999590,        -946.2311000,
 19960,           0.9999600,        -948.6110200,
 19961,           0.9999610,        -951.0536000,
 19962,           0.9999620,        -953.4123000,
 19963,           0.9999630,        -955.9857100,
 19964,           0.9999640,        -958.6312200,
 19965,           0.9999650,        -961.3540000,
 19966,           0.9999660,        -964.1582000,
 19967,           0.9999670,        -966.8763000,
 19968,           0.9999680,        -969.8528400,
 19969,           0.9999690,        -972.9268000,
 19970,           0.9999700,        -976.1047000,
 19971,           0.9999710,        -979.1967000,
 19972,           0.9999720,        -982.5964300,
 19973,           0.9999730,        -986.1237100,
 19974,           0.9999740,        -989.7877000,
 19975,           0.9999750,        -993.5993000,
 19976,           0.9999760,        -997.3324000,
 19977,           0.9999770,       -1001.4672000,
 19978,           0.9999780,       -1005.7900000,
 19979,           0.9999790,       -1010.3193000,
 19980,           0.9999800,       -1014.7883000,
 19981,           0.9999810,       -1019.7794000,
 19982,           0.9999820,       -1025.0460000,
 19983,           0.9999830,       -1030.6210000,
 19984,           0.9999840,       -1036.5410000,
 19985,           0.9999850,       -1042.4703000,
 19986,           0.9999860,       -1049.2003000,
 19987,           0.9999870,       -1056.4400000,
 19988,           0.9999880,       -1064.2720000,
 19989,           0.9999890,       -1072.2770000,
 19990,           0.9999900,       -1081.5850000,
 19991,           0.9999910,       -1091.8920000,
 19992,           0.9999920,       -1103.4373000,
 19993,           0.9999930,       -1116.5594000,
 19994,           0.9999940,       -1130.7910000,
 19995,           0.9999950,       -1148.6383000,
 19996,           0.9999960,       -1170.5510000,
 19997,           0.9999970,       -1198.9370000,
 19998,           0.9999980,       -1236.3830000,
 19999,           0.9999990,       -1303.8303000,
 20000,           1.0000000,           0.0000000,
